-36.259,2.918,1.703,1.996,3.474,-36.259,3.073,0.847,1.967,1.085,2.671,0.709,0.999,1.839,2.237,2.167,2.888,1.973,-2.340,2.645,2.787,0.543,2.758,2.100,0.472,1.658,3.191,4.024,4.400,3.264,2.544,2.532,3.306,2.378,1.827,2.535,2.934,1.965,1.225,3.454,2.993,3.184,4.846,4.267,3.220,3.363,3.313,2.059,2.115,0.884,3.591,3.515,4.061,3.851,3.811,3.484,3.127,3.066,2.861,3.217,3.244,3.757,4.023,3.481,3.432,3.759,3.942,3.917,3.162,3.624,3.650,4.591,4.678,4.169,3.951,3.648,3.991,4.060,3.630,5.354
-36.259,1.571,-0.070,0.278,2.144,-36.259,0.450,0.292,1.215,2.203,0.900,2.077,-1.211,0.384,1.117,1.977,2.214,0.919,0.976,0.388,1.515,-0.600,1.658,1.953,1.623,0.917,2.860,4.542,4.657,3.064,2.675,3.108,2.974,2.612,1.006,1.568,2.180,1.863,2.312,3.810,3.202,2.945,4.145,3.503,3.300,2.678,3.217,2.741,1.522,1.917,2.623,3.802,4.173,4.241,3.590,2.862,2.818,2.945,2.883,2.807,3.455,3.841,3.831,3.565,3.025,3.032,4.315,4.388,3.027,2.856,3.854,4.234,4.205,3.675,3.625,4.249,4.456,4.344,3.918,4.184
-36.259,0.455,0.270,0.585,2.952,-36.259,1.982,-0.115,1.898,0.409,0.886,0.581,0.050,0.125,0.829,0.300,2.913,2.494,0.997,1.813,1.172,0.788,2.687,1.949,1.718,0.870,2.677,4.326,4.428,2.386,1.751,1.538,3.135,1.784,1.712,2.616,3.400,3.204,2.428,2.761,3.271,3.661,4.790,3.735,3.731,4.590,4.173,2.783,3.539,2.702,3.061,2.355,3.159,3.209,3.470,3.302,3.499,3.597,3.672,3.782,4.321,4.095,4.141,3.886,4.032,3.844,3.306,2.787,2.714,3.017,4.702,5.286,5.444,4.843,4.490,3.782,4.514,4.494,5.252,4.415
-36.259,0.871,2.058,0.816,2.959,-36.259,2.142,-0.199,0.366,2.225,1.168,-1.353,0.148,0.235,0.838,0.871,2.103,1.471,1.293,1.271,0.848,0.885,2.061,2.119,0.367,0.810,2.496,4.467,4.495,2.817,2.263,1.878,3.051,2.769,0.524,1.762,2.227,2.763,1.779,2.014,2.408,3.492,4.181,3.304,3.927,3.332,3.933,3.090,3.358,1.536,1.820,2.249,3.420,3.841,3.444,3.074,2.942,2.986,3.781,4.098,4.785,4.702,3.966,4.272,3.745,3.879,3.746,3.638,3.096,3.962,4.001,3.858,4.312,3.930,3.973,4.195,4.620,4.092,5.172,4.633
-36.259,-1.841,2.120,-0.001,2.027,-36.259,1.699,0.916,-1.116,3.058,2.297,1.307,-0.196,-0.852,-1.155,0.355,-0.867,1.751,0.717,0.882,1.497,0.600,3.454,3.594,1.854,1.911,1.658,4.142,4.168,1.830,2.947,2.578,2.567,0.673,0.449,0.687,1.795,1.813,1.918,3.348,2.903,2.983,4.285,4.123,3.097,3.110,3.103,2.443,3.278,1.952,3.433,3.130,4.237,4.376,3.742,3.248,3.762,3.924,3.687,3.396,4.011,3.370,3.593,4.110,4.001,3.659,4.198,4.088,3.862,2.950,2.983,4.891,5.079,3.852,3.548,3.993,4.597,5.275,5.511,4.510
-36.259,2.599,2.132,1.185,1.996,-36.259,2.543,0.067,1.034,3.482,2.684,-1.627,2.741,1.518,-1.033,2.328,3.203,2.161,1.869,0.177,1.657,0.064,2.986,3.393,1.618,0.615,2.385,4.395,4.330,2.440,1.353,1.965,3.224,0.790,0.518,1.549,2.762,1.867,2.468,2.864,2.210,2.759,3.809,3.453,2.347,2.417,2.527,3.183,3.686,2.738,3.076,3.374,4.226,4.344,3.751,3.750,2.837,3.112,3.570,4.027,3.962,3.907,3.802,3.426,3.772,3.765,3.559,3.693,3.809,4.163,4.277,3.935,3.990,4.311,4.244,4.562,5.347,4.934,4.861,4.555
-36.259,2.484,0.356,0.008,3.178,-36.259,0.990,-0.109,0.940,2.787,-0.931,-1.674,1.444,1.625,1.235,1.188,0.500,1.922,1.844,1.967,0.855,0.713,2.949,2.049,1.321,1.463,2.572,4.612,4.791,3.222,1.995,2.291,3.449,2.363,1.813,2.214,1.499,2.337,1.869,3.019,2.332,2.932,3.275,3.023,2.291,2.181,2.101,2.243,3.107,2.309,3.018,2.418,3.605,3.721,2.620,2.656,4.073,3.360,3.758,4.123,4.576,4.092,3.745,3.747,3.907,2.840,3.685,3.106,1.693,2.759,4.140,4.384,4.440,4.862,4.042,3.753,4.251,4.059,5.282,4.110
-36.259,2.265,1.783,1.411,-1.080,-36.259,2.621,-1.661,0.361,1.705,3.230,2.839,2.386,0.392,1.475,2.404,1.945,0.821,1.014,1.897,2.812,1.750,2.379,1.934,1.804,2.008,1.795,4.446,4.514,2.329,2.881,2.150,3.119,2.472,1.912,1.779,2.864,2.299,2.244,3.080,2.103,2.909,3.290,2.679,3.496,3.351,3.018,2.917,3.330,2.501,2.572,2.580,3.848,3.886,2.814,3.386,4.626,4.226,3.718,3.334,4.240,4.218,4.267,3.860,3.225,2.642,3.540,3.293,2.611,3.038,3.542,4.488,4.505,4.216,3.620,3.958,4.689,4.489,4.736,4.298
-36.259,3.549,2.516,2.486,2.587,-36.259,1.925,1.443,1.561,-0.512,0.493,1.553,1.045,0.112,1.899,2.147,1.918,0.836,2.208,0.858,1.713,1.287,1.189,1.096,1.484,2.261,2.014,4.259,4.339,2.213,2.078,2.263,3.283,2.181,2.072,3.153,3.316,3.004,2.226,3.326,2.060,2.693,4.016,3.254,3.398,3.533,3.438,3.219,3.251,2.422,2.067,2.691,3.523,3.986,2.984,2.457,3.776,3.602,2.751,3.418,3.698,3.881,3.495,3.528,3.469,3.416,4.246,3.077,2.398,3.597,4.150,4.775,4.762,4.495,4.385,4.128,4.793,4.641,4.484,4.271
-36.259,0.376,0.104,1.390,-1.122,-36.259,-0.573,0.804,0.792,2.276,1.193,-0.529,1.329,0.600,1.096,0.967,2.609,0.719,1.277,-0.205,-0.665,1.048,2.394,1.868,1.381,1.925,2.464,4.642,4.865,3.163,2.371,2.883,2.681,1.439,1.524,2.735,3.535,2.564,2.111,3.641,3.198,2.957,3.517,2.493,3.091,4.012,3.138,2.454,3.024,3.079,2.273,2.943,3.262,3.432,3.257,3.102,2.723,2.771,2.605,3.338,4.839,4.538,4.228,3.421,3.363,2.766,3.813,4.010,3.114,3.741,3.653,3.477,3.481,3.718,4.077,4.206,5.942,4.838,5.349,5.414
-36.259,1.232,0.947,1.143,0.701,-36.259,0.428,0.826,0.501,2.170,2.014,0.554,0.460,-2.373,-0.902,2.575,3.722,2.580,2.419,1.825,1.732,-0.051,-0.111,1.516,1.435,1.014,2.015,4.532,4.726,2.714,1.851,2.969,2.433,1.225,1.155,1.463,3.041,2.236,1.662,3.007,3.262,2.689,4.637,4.247,2.894,3.307,3.682,1.788,3.079,2.749,2.357,3.690,3.366,3.791,3.718,3.003,2.718,3.169,3.486,3.011,3.869,3.984,3.933,2.879,4.061,3.615,3.586,3.618,2.835,3.452,4.087,3.938,4.338,3.969,4.135,4.195,4.976,4.493,4.102,4.643
-36.259,1.112,2.086,1.492,-1.595,-36.259,1.251,0.679,0.919,0.750,1.427,-0.245,-1.040,-2.969,-0.005,1.876,2.719,1.024,1.468,1.902,2.400,0.246,2.168,2.081,2.616,1.088,2.611,4.429,4.446,2.397,3.383,2.518,2.690,1.676,2.549,1.490,2.379,2.180,0.835,2.255,1.844,2.477,3.563,2.686,2.756,3.409,2.600,2.412,2.797,2.673,2.095,2.743,3.177,4.070,3.786,2.948,3.943,3.432,3.251,3.498,4.051,4.784,4.225,3.639,3.899,3.837,4.424,3.717,2.970,3.592,3.190,3.608,3.378,3.606,3.352,3.855,4.876,4.661,4.601,4.602
-36.259,2.777,2.840,1.040,1.953,-36.259,1.903,0.881,-2.222,2.229,1.506,0.834,-0.173,-0.147,1.048,2.147,2.426,2.771,2.440,1.802,0.582,1.426,1.244,2.488,2.034,1.731,2.267,4.426,4.612,3.279,-0.786,1.680,2.348,1.437,1.989,4.064,4.499,4.093,2.635,2.925,2.359,2.720,3.346,3.226,3.342,2.476,3.153,3.313,3.849,2.446,2.529,2.189,3.466,3.326,2.443,2.309,2.873,3.437,3.811,3.907,4.900,4.757,4.242,4.245,3.887,2.988,3.355,3.306,2.690,3.985,3.655,4.266,4.263,4.391,4.123,4.089,4.829,4.110,4.671,4.770
-36.259,0.372,-0.443,0.818,-0.321,-36.259,-1.390,-0.141,1.801,1.030,1.892,0.563,0.047,0.245,-0.474,2.124,1.844,2.561,1.684,1.565,1.194,0.124,1.998,2.033,0.873,0.834,1.787,4.170,4.318,2.465,1.195,1.776,2.639,-0.063,1.781,3.897,3.732,3.467,1.910,3.465,3.211,2.337,3.895,3.321,2.412,3.384,3.317,2.847,3.861,2.721,1.648,2.358,4.196,4.165,3.050,2.900,3.955,4.186,4.140,4.295,4.484,4.644,4.066,3.853,3.243,3.388,3.678,3.379,2.513,3.005,3.559,4.108,4.374,4.215,3.852,3.640,4.819,4.433,4.038,4.315
-36.259,2.210,1.795,-3.652,1.889,-36.259,0.642,-0.489,1.165,0.440,1.233,-0.430,-0.635,1.173,1.654,2.587,2.638,1.943,2.481,1.318,1.892,1.397,2.911,2.502,1.706,0.128,2.980,4.542,4.472,2.354,2.912,1.417,1.735,0.792,0.423,2.630,3.552,2.899,2.830,2.605,2.612,3.931,5.020,4.479,3.389,2.944,2.244,2.477,3.854,2.940,2.135,2.525,4.052,4.271,2.825,2.685,3.677,3.514,3.344,3.845,3.707,4.252,3.779,4.174,4.287,3.305,3.545,3.520,3.037,4.182,3.791,4.196,4.302,4.235,3.904,4.097,5.253,4.797,5.071,5.076
-36.259,-0.538,2.166,1.075,0.609,-36.259,2.139,0.718,1.159,1.652,3.594,2.412,0.386,-0.301,2.255,1.084,2.400,3.145,1.776,2.988,2.856,1.893,1.593,2.517,0.887,2.397,1.478,4.153,4.171,2.311,3.052,1.874,2.571,2.055,1.989,2.785,3.067,2.587,1.520,2.086,2.182,2.969,2.954,3.222,3.053,3.247,2.744,2.204,3.069,2.747,2.551,2.723,4.143,4.193,3.250,3.752,3.618,2.896,3.427,4.146,5.112,4.644,3.952,3.826,4.223,3.110,4.036,3.693,2.883,3.548,3.712,3.619,3.828,4.044,4.066,3.917,4.940,4.444,4.306,4.491
-36.259,3.130,2.200,1.749,0.602,-36.259,0.489,-0.280,0.604,1.222,2.936,1.561,1.545,-1.674,1.199,2.801,2.539,2.994,2.480,1.482,1.920,0.211,2.441,2.412,2.328,1.813,2.663,4.399,4.490,3.121,1.843,2.889,2.216,1.799,0.883,2.434,2.738,1.911,0.578,2.802,1.944,0.749,3.749,3.096,1.755,1.997,2.086,1.843,2.740,1.889,1.661,2.422,3.949,4.266,2.814,2.826,3.157,3.266,3.015,3.679,4.311,4.394,4.055,4.147,3.893,3.450,4.383,4.067,2.553,2.911,3.627,5.311,5.428,4.338,4.217,4.006,5.700,5.040,4.464,4.245
-36.259,0.492,1.730,-0.489,1.200,-36.259,1.007,-0.454,1.546,2.980,1.106,0.265,1.558,1.602,-1.522,2.457,1.793,2.300,1.916,1.530,1.035,0.169,2.339,1.812,0.987,0.672,2.260,4.313,4.523,2.770,2.437,2.800,2.980,1.247,1.746,2.625,3.322,2.765,1.752,3.397,2.984,2.718,4.582,3.758,3.241,3.264,3.168,3.068,4.007,3.038,2.613,1.746,3.410,3.576,2.648,2.611,3.861,3.642,3.329,4.255,4.167,4.708,4.581,3.792,3.816,3.169,3.972,3.223,3.072,4.257,4.886,5.011,5.031,4.856,3.766,4.215,5.669,4.595,4.601,4.921
-36.259,0.228,2.593,0.286,2.947,-36.259,0.230,1.735,0.645,2.360,0.860,1.167,2.091,1.256,-1.457,1.387,1.346,2.050,1.451,1.719,2.265,1.430,2.424,1.854,1.277,2.517,2.775,4.717,4.574,2.256,2.168,2.174,2.801,1.944,1.918,0.947,2.148,2.207,2.216,2.240,2.698,2.673,4.059,3.361,3.066,2.677,2.008,2.188,4.251,3.485,2.798,3.254,4.531,4.742,3.493,3.161,4.074,4.364,4.335,4.724,3.771,4.137,4.468,4.039,3.591,3.463,4.241,4.190,3.661,4.542,3.809,4.324,4.255,4.097,4.414,4.147,4.466,4.597,5.476,4.636
-36.259,1.101,1.733,-0.018,1.640,-36.259,1.750,1.998,1.299,-0.719,1.022,-1.548,-1.040,1.211,1.009,2.112,1.391,1.182,2.085,1.806,1.353,-0.235,1.736,0.840,1.508,2.452,1.921,4.350,4.356,2.167,1.290,2.306,2.368,2.568,1.216,1.836,2.617,1.410,1.025,2.369,2.228,2.944,2.830,2.386,2.831,2.495,2.832,2.524,4.025,3.211,2.933,2.753,3.032,3.181,2.272,2.538,3.844,3.195,3.574,4.021,4.974,4.842,4.087,3.400,3.699,3.661,3.110,3.015,3.063,4.002,4.047,4.354,4.349,3.733,3.797,3.658,4.799,4.369,4.571,4.057
-36.259,2.715,0.207,1.901,2.821,-36.259,0.419,0.714,1.699,-0.270,0.283,1.075,0.676,1.212,1.020,1.475,1.867,1.003,1.131,1.447,2.817,-1.329,0.748,1.812,1.454,1.709,2.995,4.636,4.761,3.065,3.100,2.356,2.147,2.051,2.564,2.453,3.105,3.045,1.209,1.562,1.752,2.940,4.005,3.310,3.039,1.947,3.289,2.531,2.629,3.158,2.792,2.209,3.396,3.819,2.701,2.276,3.312,3.338,3.417,3.246,3.630,4.231,3.972,3.733,3.833,3.113,3.958,3.506,3.261,3.281,3.812,4.326,4.311,4.435,4.099,4.022,5.022,4.677,4.396,5.009
-36.259,3.424,3.232,1.640,2.232,-36.259,1.966,1.304,1.540,0.855,1.579,0.247,0.810,1.207,0.753,2.056,1.610,2.232,2.317,1.101,1.595,1.114,1.172,2.037,1.400,1.523,3.102,4.532,4.160,1.989,2.308,2.377,2.946,1.906,0.581,1.132,2.883,2.515,2.359,3.523,2.834,1.553,3.550,2.778,2.796,3.183,2.714,2.935,2.947,2.590,3.252,3.317,4.682,5.038,3.783,3.709,3.590,2.868,2.911,3.226,2.737,3.678,3.087,3.630,3.964,3.747,4.694,3.978,2.912,2.908,3.198,3.813,3.929,4.140,4.071,3.983,4.239,4.109,4.319,4.833
-36.259,1.223,1.383,1.766,-2.704,-36.259,1.178,0.885,2.160,1.057,2.070,-0.206,1.798,0.917,0.610,1.181,2.075,0.999,0.337,0.906,2.047,0.543,1.885,2.468,1.742,2.355,2.698,4.424,4.513,2.860,2.435,2.258,2.330,2.135,1.298,1.814,2.495,2.273,1.439,2.654,3.082,3.261,4.688,4.070,3.050,3.472,2.410,3.233,4.179,2.877,2.424,2.648,3.660,3.865,2.827,2.558,2.875,2.750,2.576,3.555,3.385,3.804,3.755,4.087,4.242,3.298,3.799,3.391,3.030,3.733,3.747,4.246,4.790,4.137,4.075,4.328,5.334,5.316,5.898,4.639
-36.259,0.126,1.958,0.021,1.089,-36.259,0.923,2.181,-0.379,0.439,0.577,0.179,0.062,0.518,-0.197,0.768,1.652,1.419,1.765,1.745,1.225,0.631,1.104,1.258,2.204,1.043,2.274,3.983,4.161,2.337,2.108,2.290,2.461,2.372,1.794,2.347,2.405,2.143,1.732,3.183,2.610,3.565,3.560,3.178,3.636,2.960,2.040,2.488,3.597,3.100,3.157,3.465,4.118,3.946,3.597,3.094,4.566,4.716,3.442,3.566,3.651,3.814,4.082,4.794,3.611,3.644,3.993,3.880,3.094,4.371,4.050,4.453,4.644,4.423,4.413,4.119,4.051,4.254,5.356,4.766
-36.259,2.747,3.466,0.238,1.233,-36.259,1.487,1.065,0.027,-0.816,0.880,0.152,1.216,0.607,-0.577,2.056,1.592,2.323,1.724,1.730,1.238,0.591,1.610,0.854,2.580,0.451,3.243,5.036,5.111,3.333,2.714,2.160,1.962,1.485,0.483,2.956,2.944,2.918,2.412,2.333,2.400,2.991,4.414,4.038,3.233,3.149,2.331,2.583,3.051,2.380,2.262,3.020,3.846,3.886,3.246,3.360,2.712,2.118,3.478,3.985,4.738,4.510,3.784,3.241,2.826,3.353,4.029,3.529,2.302,3.280,3.900,4.468,4.691,4.326,3.814,3.635,4.801,4.371,4.096,5.242
-36.259,2.281,2.056,1.756,1.594,-36.259,1.984,1.297,2.114,2.161,2.009,0.697,1.584,0.523,0.349,1.743,2.382,2.521,1.179,1.040,2.313,1.512,2.810,2.841,1.874,2.023,3.057,4.318,4.412,3.254,1.326,2.547,2.605,2.315,3.014,2.636,2.766,2.975,2.869,3.532,2.430,2.813,3.736,3.582,2.877,3.755,3.508,2.662,3.658,3.460,2.659,2.461,3.668,3.454,2.303,2.250,3.827,3.427,3.740,3.342,3.549,3.927,4.401,3.651,3.810,3.503,3.950,4.359,3.269,3.055,3.254,4.388,4.684,3.970,3.444,4.404,5.056,3.890,4.748,5.041
-36.259,1.407,0.919,1.656,-0.817,-36.259,-0.352,0.494,2.535,2.120,2.439,1.391,1.226,0.066,0.766,1.241,2.779,2.108,1.089,0.711,0.504,1.791,2.969,2.954,2.411,2.441,3.397,5.050,4.980,3.332,2.517,1.589,1.763,2.505,0.708,2.366,2.929,2.555,1.654,2.177,1.438,2.782,4.383,4.059,3.887,2.915,3.664,2.366,2.804,2.326,1.881,1.061,2.794,3.322,3.306,3.381,3.332,3.387,3.721,3.764,3.959,4.603,4.305,3.482,3.519,3.774,4.278,3.866,2.298,3.133,4.357,4.962,4.986,4.240,3.713,4.182,5.404,4.311,4.972,4.731
-36.259,0.946,-0.107,1.222,2.190,-36.259,2.511,-0.162,-0.411,-0.839,2.669,1.463,1.887,0.218,0.577,2.931,3.156,2.946,1.675,1.802,1.353,-1.529,0.507,2.396,1.406,0.487,2.158,4.071,4.196,2.654,0.331,2.659,2.068,1.527,0.857,1.182,2.795,1.302,1.264,2.972,2.896,3.192,3.689,3.088,3.024,2.744,1.994,2.427,2.980,1.504,2.198,2.615,3.537,3.515,2.669,2.275,3.466,3.400,2.709,3.490,3.689,3.473,3.322,3.000,2.887,3.002,3.602,2.876,2.158,3.372,4.397,4.531,4.571,4.543,3.861,3.806,4.720,4.356,4.233,4.836
-36.259,2.738,2.456,1.548,2.074,-36.259,-0.789,0.679,0.029,-1.084,2.200,1.611,2.162,0.752,0.929,2.089,2.684,1.836,-0.206,2.346,2.588,-1.663,1.773,1.421,0.688,3.131,1.845,4.166,4.286,2.149,2.842,1.863,2.751,2.314,2.386,1.489,2.975,2.306,1.984,2.970,3.185,3.316,4.514,3.626,2.913,2.767,2.513,2.309,2.994,2.770,2.564,2.603,3.684,3.780,3.180,3.109,3.899,4.011,3.486,3.670,3.696,4.208,3.693,3.853,3.587,3.347,4.039,4.151,4.070,4.194,4.179,4.160,4.281,4.671,4.704,4.440,4.811,4.572,4.836,4.190
-36.259,0.462,1.463,0.480,1.215,-36.259,2.365,-1.440,1.933,0.357,2.218,2.076,1.448,1.458,2.135,1.964,2.777,2.093,2.497,1.345,1.547,1.586,1.112,1.788,1.229,1.736,3.089,4.986,4.871,2.503,1.868,1.753,1.579,2.630,1.331,2.786,2.939,2.938,1.677,3.648,3.347,3.090,3.461,3.016,3.355,3.407,3.722,2.621,3.056,2.742,2.485,2.625,4.686,4.916,3.432,3.265,3.187,3.200,2.849,3.288,3.538,3.454,3.258,3.132,3.643,3.521,4.871,4.647,3.134,3.090,3.223,4.617,4.987,4.238,3.502,4.379,5.083,4.417,4.528,4.814
-36.259,2.508,1.603,0.998,-2.008,-36.259,1.082,-0.046,2.767,1.868,2.717,1.672,1.153,1.020,0.994,3.355,2.178,3.173,2.010,1.906,0.742,0.013,1.903,2.011,1.427,2.156,2.287,4.491,4.338,1.666,2.039,2.065,2.092,-0.220,1.228,2.645,2.764,3.256,2.025,1.728,2.681,3.025,4.142,3.397,2.754,2.534,3.088,2.581,2.672,2.415,2.247,3.036,4.240,4.337,3.559,2.936,3.195,3.444,3.738,3.616,4.018,4.053,4.267,3.287,3.706,4.422,4.424,4.332,2.860,3.351,4.170,4.493,4.542,4.482,3.537,4.570,5.472,5.185,5.605,4.805
-36.259,2.246,1.397,-0.392,2.298,-36.259,0.066,0.487,2.191,2.082,1.993,2.534,1.368,0.821,0.469,1.156,2.630,2.116,2.442,1.752,1.789,1.589,3.208,3.284,1.714,1.561,2.735,4.723,4.817,2.981,2.827,2.098,3.260,2.595,1.501,2.276,2.161,2.031,1.511,2.140,2.743,3.420,4.673,4.026,3.741,3.404,3.483,2.738,2.733,2.237,2.218,2.636,3.902,4.246,3.843,3.509,3.685,3.126,2.529,3.547,4.013,3.915,4.544,3.450,3.996,3.469,3.896,4.018,3.463,3.271,3.888,4.427,4.297,3.576,4.328,4.326,4.904,4.857,5.026,4.720
-36.259,1.576,1.992,0.361,0.294,-36.259,1.942,-0.012,1.287,2.376,2.045,0.691,2.491,0.622,1.625,2.870,1.614,2.162,2.153,1.441,2.035,0.315,1.079,2.094,2.335,2.064,3.080,4.424,3.995,0.315,2.664,1.794,2.768,1.799,1.236,3.363,3.856,3.330,2.648,2.974,2.479,3.116,4.090,3.676,3.577,3.183,3.464,3.230,3.270,2.630,2.783,2.916,4.161,4.116,4.023,3.412,4.242,3.897,3.376,3.728,4.620,4.675,4.011,2.948,3.617,3.675,3.721,3.743,3.240,3.320,3.638,5.301,5.494,4.294,4.070,4.091,4.795,4.895,5.432,5.521
-36.259,3.634,2.658,2.859,1.076,-36.259,0.250,1.630,2.825,2.692,2.029,0.967,-2.271,0.007,1.923,1.417,1.630,2.631,2.638,2.864,2.125,1.080,1.833,1.813,1.895,2.778,3.432,4.127,4.093,3.022,2.168,1.250,3.332,1.948,1.445,2.216,1.834,2.164,1.392,3.302,2.644,2.582,4.408,3.871,2.877,3.103,2.499,2.103,1.672,1.806,2.258,2.146,4.439,5.023,3.649,3.524,3.271,3.287,3.445,4.170,4.368,4.647,4.358,3.872,3.248,4.509,4.461,3.665,3.176,2.597,3.558,4.530,4.663,3.830,3.480,4.236,4.315,4.661,4.562,6.057
-36.259,2.653,1.688,1.039,1.779,-36.259,1.075,1.147,1.329,0.878,2.675,0.329,0.394,1.033,-2.755,1.996,2.397,1.010,1.006,-0.802,0.054,-0.213,2.473,2.098,2.600,1.377,2.406,3.942,4.077,2.349,1.685,2.097,3.069,1.978,1.359,3.049,3.321,3.131,1.906,2.939,2.308,2.791,3.806,3.354,3.853,3.285,3.084,2.866,2.850,2.518,2.299,2.811,4.538,4.846,3.781,2.518,2.570,2.257,2.892,3.261,3.386,3.540,3.111,3.054,3.353,3.779,4.460,4.007,2.467,2.646,3.301,4.550,4.575,3.653,3.693,3.886,4.911,4.156,4.220,4.892
-36.259,2.045,-1.372,1.000,-0.903,-36.259,0.039,-1.018,0.234,0.644,0.425,-1.245,0.782,0.544,1.875,1.852,3.341,2.200,1.483,1.611,0.095,-1.771,1.101,2.212,0.866,0.727,2.008,4.391,4.373,1.909,2.147,1.691,2.291,0.710,1.118,2.634,3.123,2.721,1.738,2.673,2.545,2.850,3.361,3.447,3.466,2.979,3.315,2.636,2.311,2.620,3.497,3.119,3.747,3.849,3.131,3.076,2.641,3.194,3.676,4.101,5.578,5.272,4.750,3.234,3.150,3.783,3.727,3.289,3.063,2.726,3.878,4.498,4.697,4.480,3.761,2.927,4.442,3.664,4.142,4.592
-36.259,0.250,0.374,0.028,0.448,-36.259,0.067,-0.540,1.787,1.395,2.250,1.826,0.496,0.898,0.792,1.713,2.128,1.174,-2.327,1.812,1.332,-1.065,0.683,0.306,1.618,1.854,2.650,4.342,4.470,2.793,2.384,2.696,2.110,1.437,1.602,2.411,2.330,2.510,0.357,3.848,3.066,3.720,4.813,4.160,3.792,2.998,2.521,2.130,3.138,2.920,3.056,2.973,3.438,3.237,3.223,3.240,2.686,2.373,3.126,3.541,3.558,3.854,3.366,3.675,3.430,3.573,4.271,3.864,3.578,2.553,3.960,4.900,4.934,4.040,4.136,4.014,5.056,4.634,5.205,5.144
-36.259,0.644,0.571,0.483,2.218,-36.259,1.485,-0.345,0.241,0.427,0.867,0.891,1.399,1.544,1.415,2.073,1.081,1.917,0.928,2.317,1.705,0.761,0.730,0.017,1.130,1.351,2.011,3.715,3.906,2.406,0.454,1.478,2.002,0.863,-1.195,3.059,3.169,2.998,1.918,3.117,2.376,2.749,4.349,3.613,3.056,2.172,2.877,2.691,3.168,2.479,2.582,2.858,3.789,3.889,3.369,3.779,3.952,3.669,3.054,4.589,4.812,4.857,4.622,4.337,4.014,3.133,3.344,3.663,3.248,3.923,3.913,4.274,4.264,4.139,4.052,4.090,4.665,4.586,5.048,5.199
-36.259,-0.181,2.211,0.891,2.238,-36.259,0.769,1.255,0.998,1.258,1.744,-0.143,-0.299,1.995,1.056,2.271,3.349,1.925,0.957,0.216,1.261,1.683,1.808,1.535,2.029,2.732,1.936,3.946,4.145,2.440,2.608,1.011,1.864,1.212,1.569,2.107,2.877,2.485,1.132,2.770,2.797,2.533,3.611,3.751,1.975,3.914,3.346,2.548,3.699,2.796,2.965,3.685,4.356,4.443,3.834,3.911,4.250,4.126,3.785,4.094,4.539,4.808,4.633,4.057,3.801,3.910,3.734,3.804,3.056,3.011,4.237,4.144,4.143,4.329,4.225,3.910,4.418,4.296,4.415,4.277
-36.259,-0.558,2.038,0.147,0.669,-36.259,1.803,1.545,1.659,0.188,2.066,0.823,0.342,-1.584,-1.976,2.518,2.913,3.009,2.848,2.150,2.384,0.739,1.856,1.641,2.163,1.907,1.920,4.021,4.092,2.460,0.372,0.955,1.506,1.802,1.927,2.011,2.584,2.110,0.857,2.790,2.427,3.039,3.334,3.149,3.184,2.907,2.739,2.364,3.661,2.924,1.233,1.764,3.506,3.893,2.750,2.472,3.760,3.761,3.373,3.933,4.741,4.188,4.403,3.946,3.949,3.863,3.949,3.359,3.246,3.081,3.688,4.646,4.582,4.011,3.650,3.687,4.298,3.788,4.441,4.977
-36.259,3.073,3.273,2.253,0.256,-36.259,2.994,1.973,2.270,2.440,3.719,2.893,2.914,1.191,0.546,2.726,1.801,1.819,2.031,1.511,2.422,1.815,3.036,1.610,2.669,2.481,3.208,4.772,4.588,2.780,2.670,1.824,2.058,1.614,1.139,1.617,2.289,2.378,2.635,3.492,2.479,1.638,4.169,3.655,2.111,2.518,2.792,2.619,2.841,2.044,2.293,2.835,3.867,3.821,3.690,3.031,3.565,3.647,3.723,3.134,2.980,3.398,4.275,3.388,2.959,3.974,3.968,4.169,3.238,1.807,3.417,4.437,4.748,4.580,3.447,4.319,4.816,4.570,4.580,4.964
-36.259,1.750,0.098,1.715,1.720,-36.259,-0.178,0.187,-0.151,1.554,0.968,2.300,1.402,0.875,2.272,1.734,1.019,1.698,2.540,1.158,0.894,1.919,0.638,0.553,0.117,1.779,2.188,4.269,4.406,2.908,1.618,1.537,2.360,1.953,0.665,2.436,3.354,3.345,1.028,2.077,1.854,2.270,3.601,4.278,2.739,3.491,2.424,2.308,3.216,2.531,3.350,3.381,3.562,3.878,3.924,3.351,4.836,4.085,3.814,3.411,4.052,4.217,4.644,4.613,4.752,4.150,3.601,3.049,3.486,3.595,4.292,4.341,4.014,4.531,4.314,4.273,5.419,4.244,5.003,4.341
-36.259,2.672,2.378,1.801,-0.341,-36.259,0.703,1.015,1.587,-2.251,-1.439,0.220,1.592,1.247,0.020,0.612,1.449,2.001,2.199,1.520,-0.228,1.107,2.048,2.406,2.750,3.046,3.114,4.547,4.658,3.564,2.922,2.604,3.102,2.785,1.073,3.108,3.205,2.691,1.857,3.024,2.337,2.965,4.483,4.114,2.698,2.847,2.573,2.723,3.798,2.530,3.452,3.536,3.875,3.966,3.142,2.737,3.872,3.718,3.390,3.818,3.699,4.162,3.837,3.496,3.353,2.920,3.898,3.761,3.041,3.295,3.615,3.949,4.252,4.037,3.841,3.857,4.922,4.118,4.021,4.986
-36.259,1.105,1.487,1.574,1.609,-36.259,1.056,0.702,1.666,0.493,0.839,-1.223,-1.050,1.175,2.000,0.895,2.477,1.335,-2.730,0.417,1.621,1.507,2.336,1.929,2.715,1.923,3.330,4.778,4.683,2.966,1.847,2.747,2.586,1.230,1.387,1.968,2.419,2.830,2.199,3.014,2.826,2.348,3.610,3.131,1.888,3.179,2.697,3.296,4.698,3.612,3.530,2.992,2.682,3.488,3.556,3.461,2.896,2.739,4.077,4.584,4.848,4.682,4.633,3.593,3.767,4.025,4.407,4.798,4.167,4.612,4.083,3.791,4.081,4.573,4.454,4.352,4.775,4.548,4.285,4.465
-36.259,3.444,1.193,1.949,1.798,-36.259,-0.102,-0.159,0.127,0.156,1.893,-0.375,1.077,0.983,1.016,2.913,2.313,2.234,1.986,1.264,1.551,1.165,2.479,1.336,1.186,2.051,3.237,4.428,4.304,2.428,2.037,1.686,1.131,0.996,0.808,2.376,3.209,2.595,2.526,2.604,2.536,2.778,4.185,3.670,3.179,3.158,3.417,2.498,4.085,2.717,2.034,3.101,3.949,3.874,3.613,3.449,2.757,2.842,3.843,4.002,4.626,4.958,4.361,4.130,4.133,3.759,3.455,3.485,2.558,3.735,3.822,4.032,4.085,3.957,3.922,4.177,4.860,4.989,4.603,5.347
-36.259,1.937,0.141,0.794,2.379,-36.259,1.966,0.096,1.064,1.351,1.981,0.743,-1.908,1.446,0.779,2.093,2.321,1.618,0.669,1.255,1.521,0.815,2.006,1.881,2.740,1.168,2.083,3.942,3.977,1.951,1.945,1.790,1.210,0.771,2.020,1.734,1.853,2.310,2.107,2.336,2.302,2.745,4.350,3.567,2.435,2.093,2.337,2.356,2.686,1.876,1.638,1.852,4.174,4.462,3.600,2.698,3.255,2.743,3.743,3.822,4.177,4.022,4.124,3.859,3.921,3.003,3.843,3.254,2.113,3.461,3.924,3.928,4.665,4.460,3.626,3.596,4.376,4.742,5.219,5.312
-36.259,1.970,1.224,1.164,2.222,-36.259,1.119,1.246,2.122,2.651,3.186,1.245,1.359,1.280,-1.748,2.182,3.051,2.121,2.308,0.752,0.620,0.527,2.723,1.436,1.665,2.317,3.227,4.925,4.930,3.263,1.627,1.805,0.956,0.824,0.516,0.466,2.561,1.984,1.898,3.226,2.298,2.294,4.312,3.633,1.884,3.393,3.365,2.328,3.203,2.182,2.547,2.525,3.696,3.763,3.894,3.483,4.375,4.014,2.694,3.431,3.910,4.036,4.130,3.356,3.300,3.683,3.328,3.320,3.362,3.368,3.741,4.263,4.159,4.023,3.590,3.775,4.491,4.646,5.625,5.034
-36.259,2.275,-0.027,1.082,2.890,-36.259,2.523,0.786,2.170,2.803,3.281,1.925,1.492,2.046,2.023,0.887,2.531,0.477,-0.571,2.273,1.554,1.402,2.452,1.952,1.090,1.743,2.172,4.786,4.921,2.880,1.631,1.981,1.781,0.595,1.663,0.837,2.005,2.266,2.445,3.174,2.200,3.474,4.737,4.162,3.585,3.334,3.656,2.486,2.222,2.330,2.658,2.770,3.286,3.362,3.366,3.086,3.312,3.047,1.707,3.476,4.259,4.823,4.610,3.875,4.007,3.565,3.489,3.648,3.163,3.369,3.632,4.253,4.311,3.886,3.485,3.657,4.955,4.663,4.700,5.143
-36.259,1.595,0.878,1.039,2.201,-36.259,2.326,0.098,1.362,0.329,2.363,0.038,1.341,1.497,0.265,2.368,1.544,2.536,2.467,1.170,1.438,-0.620,1.817,1.562,1.678,2.105,2.227,4.328,4.285,2.156,1.724,1.526,2.382,1.280,0.803,1.484,2.038,2.621,1.734,2.427,1.674,2.914,4.007,3.553,3.169,3.164,3.167,2.534,3.267,1.717,3.099,3.079,4.093,4.248,3.578,3.265,4.896,4.614,3.393,3.104,3.623,4.135,4.254,3.957,3.616,4.228,3.501,3.380,3.211,3.736,3.412,4.318,4.485,3.867,4.373,4.457,5.362,5.136,5.316,5.050
-36.259,1.495,0.902,1.346,1.612,-36.259,1.790,1.207,1.650,2.254,0.834,0.134,0.592,-0.896,1.188,1.938,1.449,2.673,1.576,1.709,0.977,0.460,2.183,0.947,2.313,1.844,2.771,4.666,4.588,2.476,2.539,2.632,2.405,2.455,0.993,2.528,2.628,2.971,2.264,2.662,1.419,2.472,4.303,3.688,2.563,2.375,3.442,2.872,3.990,3.128,3.054,2.486,3.962,4.005,2.361,3.058,4.642,4.422,3.602,3.830,4.076,4.210,4.920,4.497,4.041,3.654,3.306,2.738,3.044,3.226,3.163,4.148,4.235,3.321,3.358,3.380,4.909,4.247,4.349,4.095
-36.259,2.781,0.623,1.714,2.979,-36.259,1.744,-4.450,0.047,0.699,2.174,1.706,0.028,1.556,-0.111,1.771,3.112,2.642,2.430,2.876,1.853,0.582,1.471,1.638,2.138,2.754,2.657,4.577,4.409,1.388,1.924,1.533,1.467,1.753,2.548,3.039,3.290,2.518,1.552,2.697,2.004,3.122,4.672,3.970,3.052,3.065,3.108,2.573,4.214,2.834,2.610,2.711,3.631,4.056,3.513,3.049,3.513,3.021,2.841,3.178,3.017,4.006,3.176,3.616,3.219,2.525,3.638,3.288,3.376,4.226,3.775,5.257,5.473,4.022,4.341,4.157,5.133,4.063,4.525,4.305
-36.259,1.083,1.877,0.214,-0.390,-36.259,0.961,0.803,1.353,1.955,1.262,-0.096,-0.175,0.628,1.155,2.782,3.558,3.057,2.667,2.478,0.640,0.440,1.583,1.562,1.450,1.835,2.800,3.848,3.676,1.962,0.639,1.435,1.449,1.510,1.974,2.070,2.378,0.576,1.266,3.124,2.524,3.033,4.269,3.571,3.140,3.165,3.187,2.924,3.701,2.870,2.508,1.932,3.502,3.853,3.230,3.488,3.997,3.554,2.862,3.528,4.101,4.003,3.689,4.370,4.524,3.123,3.825,3.381,3.594,3.993,4.478,5.266,5.426,4.774,3.562,4.306,4.396,4.294,5.233,4.551
-36.259,2.994,0.546,2.219,2.230,-36.259,1.112,1.702,1.925,2.414,1.033,-0.796,0.834,1.436,1.677,2.065,2.458,2.850,2.338,1.819,1.958,1.375,2.344,2.527,2.345,2.072,2.888,4.653,4.700,2.686,2.846,2.441,1.791,1.374,1.404,1.781,2.287,1.960,1.777,2.917,2.800,2.394,3.902,3.930,4.078,3.568,3.303,2.487,3.252,3.364,2.597,3.624,3.634,4.077,3.687,3.132,3.340,3.125,4.087,4.236,4.502,4.264,4.253,4.460,3.671,3.724,4.197,4.280,3.145,3.097,3.451,4.667,4.448,3.862,3.925,3.991,5.253,4.115,4.972,4.189
-36.259,0.644,-0.657,0.475,1.488,-36.259,0.627,1.920,2.280,1.711,1.971,1.005,-0.771,-0.441,1.454,2.451,3.172,1.585,2.055,0.953,0.542,1.344,3.166,2.620,1.795,0.915,1.837,4.808,4.778,2.042,1.916,1.623,2.442,1.236,1.631,2.105,2.690,2.606,2.279,4.088,3.694,1.721,3.812,3.625,2.543,4.050,2.815,3.169,3.719,2.775,3.203,2.989,4.658,4.938,3.451,3.404,3.740,3.907,3.653,3.722,4.110,4.174,4.320,3.342,3.441,2.782,4.233,3.816,3.044,3.093,3.850,4.556,5.027,3.994,3.773,4.438,4.942,4.869,5.099,5.527
-36.259,1.914,2.722,0.672,0.744,-36.259,1.630,2.144,2.205,1.189,0.826,0.739,2.048,1.025,-0.118,0.193,2.113,2.043,2.026,1.521,2.506,1.025,2.478,3.177,1.255,2.492,2.987,4.817,4.746,2.797,2.795,2.213,2.839,2.109,1.076,1.999,2.650,2.453,1.393,3.659,3.140,3.129,4.523,3.977,3.290,4.212,3.764,2.158,3.444,3.111,2.770,2.814,3.430,3.106,2.438,2.963,4.088,3.757,2.744,2.685,3.090,3.966,3.730,4.207,3.904,3.973,3.306,3.286,3.357,4.137,4.124,4.174,4.284,4.720,4.296,3.858,4.641,5.123,4.466,4.777
-36.259,1.401,1.859,1.225,3.067,-36.259,1.204,-0.202,0.374,2.362,2.559,1.586,0.288,1.834,-0.499,2.543,3.024,2.369,-1.170,1.955,1.868,1.030,2.722,2.247,2.371,1.930,2.823,3.936,4.185,3.081,0.977,2.146,1.424,0.602,1.121,2.345,2.302,1.919,1.770,2.430,2.228,2.887,4.004,2.859,1.443,2.831,2.700,2.775,2.443,1.881,1.849,1.985,2.890,3.358,3.454,3.823,3.266,3.234,2.861,3.075,4.587,4.128,3.618,4.118,3.859,3.364,3.032,3.103,2.694,3.229,3.931,4.541,4.787,4.202,4.008,4.127,4.904,4.619,4.909,5.233
-36.259,0.746,0.862,0.426,-0.030,-36.259,2.124,0.706,0.973,-1.100,1.974,2.356,0.822,1.279,0.397,1.523,2.883,2.034,2.996,1.708,0.992,1.992,1.076,0.515,1.755,1.849,3.183,4.682,4.582,3.137,1.450,2.199,1.972,1.436,1.271,2.674,3.646,3.344,1.766,2.216,2.169,2.438,3.987,3.526,3.339,2.330,2.888,2.653,2.696,1.459,2.160,3.677,4.367,4.738,3.486,3.040,4.000,3.220,3.657,3.720,3.574,3.313,3.584,3.722,3.234,3.272,4.837,4.789,3.286,3.643,3.708,4.627,5.135,4.853,4.669,3.865,4.833,4.206,4.729,5.085
-36.259,1.791,1.302,-1.298,-0.565,-36.259,-0.557,0.045,0.209,-0.145,-2.654,0.953,-1.397,0.070,-0.853,3.306,2.745,3.110,3.067,2.219,0.888,-0.029,2.242,2.636,2.159,1.242,2.196,4.245,4.408,2.363,1.632,2.400,2.187,2.498,0.629,3.108,3.546,3.479,1.871,2.150,2.387,2.277,3.572,2.653,2.379,2.660,2.348,2.742,3.308,2.579,1.890,1.314,3.421,3.992,3.076,2.245,3.333,3.514,3.410,3.600,3.098,3.631,4.456,4.002,3.210,2.991,3.265,2.652,2.477,3.626,4.256,5.469,5.649,4.984,4.660,3.718,4.742,4.136,4.780,4.699
-36.259,1.836,2.280,1.739,0.970,-36.259,0.796,0.202,-0.483,0.255,2.609,1.509,-1.017,0.615,-0.218,1.562,1.781,1.387,2.065,0.052,0.752,2.080,2.857,2.772,2.450,1.272,3.147,4.618,4.909,3.476,1.361,2.576,1.998,1.047,1.863,1.955,3.278,2.516,2.027,3.358,3.595,3.390,3.822,3.226,3.749,3.893,3.698,2.883,2.765,1.963,2.135,3.216,4.304,4.236,3.619,3.398,3.838,3.827,2.782,4.289,5.418,4.684,3.997,4.172,4.142,3.096,2.819,3.026,2.244,3.587,3.664,3.867,4.194,3.953,4.245,3.433,5.233,4.391,3.861,4.080
-36.259,2.873,1.758,2.513,3.235,-36.259,1.279,-0.044,0.759,0.755,2.104,-0.135,0.675,2.379,1.506,2.191,2.536,2.072,-0.443,2.001,1.549,-1.614,2.282,2.128,2.056,3.344,1.567,4.072,4.110,1.924,1.638,1.097,2.056,0.612,0.423,1.238,1.417,2.678,2.535,2.644,2.431,3.589,4.051,3.480,4.112,3.933,4.197,3.170,3.394,2.580,2.442,2.831,4.380,4.453,3.038,2.219,2.594,3.241,3.821,3.634,4.444,4.821,4.706,4.376,3.005,3.256,4.667,4.160,3.148,3.273,4.262,4.588,4.424,4.339,3.841,3.772,4.027,4.116,3.853,4.469
-36.259,1.307,1.511,0.584,2.527,-36.259,-0.538,-1.270,-0.641,2.013,1.538,0.161,0.305,1.465,1.585,2.656,3.888,3.616,2.953,2.428,0.833,0.740,2.498,1.663,0.532,0.932,0.809,3.499,3.932,2.360,1.205,2.064,2.909,2.590,2.785,2.888,3.350,2.406,2.426,3.492,3.277,3.133,3.779,3.623,3.038,3.663,3.209,2.465,3.769,3.167,2.986,3.383,4.425,4.316,3.312,3.077,3.611,3.445,2.871,4.087,4.376,4.094,4.425,4.373,3.775,2.493,4.084,4.210,3.287,3.257,3.894,4.424,4.261,4.182,4.188,3.654,4.751,4.657,5.248,5.360
-36.259,2.374,1.704,2.113,2.341,-36.259,1.503,-0.819,2.256,2.525,3.106,1.621,-0.612,1.648,1.543,2.177,3.043,0.283,1.059,1.265,0.666,0.828,2.587,1.564,1.566,2.065,1.723,4.116,4.437,3.053,1.588,2.456,2.103,0.757,-0.093,2.334,2.496,2.096,1.987,3.547,2.761,2.812,3.306,3.213,2.154,2.562,2.626,2.681,2.366,1.985,2.696,3.494,5.216,5.218,3.822,2.778,3.679,3.729,2.887,3.726,3.600,4.219,4.447,4.269,4.248,3.572,4.814,4.969,3.478,4.041,4.055,4.080,4.453,4.649,4.441,4.114,5.698,4.467,5.111,4.749
-36.259,0.318,1.994,-0.190,1.853,-36.259,0.955,1.326,0.772,-0.095,2.670,1.867,1.675,-0.058,-0.848,1.430,-0.188,-0.848,1.570,1.240,1.062,0.397,1.390,1.135,1.002,1.534,1.750,4.404,4.542,2.614,1.972,0.563,0.340,0.225,1.078,3.254,3.407,2.999,1.821,2.373,2.186,2.250,4.233,3.648,2.115,2.846,3.193,2.788,3.591,2.499,2.721,3.330,3.927,4.337,3.811,3.296,3.318,2.907,3.101,3.075,4.147,3.900,3.528,3.859,3.231,3.812,4.319,4.302,3.230,3.985,3.725,4.356,4.554,4.124,4.554,3.791,5.148,4.250,4.283,4.214
-36.259,2.385,2.051,0.651,0.443,-36.259,0.696,-2.295,0.026,-0.697,1.152,1.098,1.532,-0.174,0.548,1.742,1.871,1.127,-1.607,1.371,0.448,-0.231,1.959,1.597,1.713,2.813,2.709,4.689,4.957,3.460,3.418,2.148,2.156,1.774,2.809,2.230,2.694,2.789,2.412,2.551,2.631,2.372,3.485,2.953,2.868,3.172,2.855,1.678,2.090,2.873,3.932,3.391,2.980,3.992,3.898,3.666,3.942,3.206,2.971,3.059,3.943,4.922,4.276,4.009,3.882,4.156,3.931,4.535,3.467,3.136,3.488,4.626,4.807,4.162,3.453,4.028,4.858,5.093,4.833,4.633
-36.259,1.686,0.952,0.994,2.331,-36.259,2.095,-1.893,0.501,2.472,2.921,0.977,0.289,0.954,0.747,1.732,3.605,3.007,1.551,2.820,2.260,0.646,1.397,2.086,1.515,1.397,1.661,4.419,4.655,2.549,3.056,2.104,2.582,1.740,2.789,2.968,3.265,2.390,1.651,2.950,2.435,3.185,2.822,2.456,2.946,3.315,2.858,2.810,3.092,2.564,3.430,2.610,3.139,3.572,3.088,2.720,3.711,3.219,3.904,4.500,4.919,4.750,4.383,3.320,3.957,4.575,3.900,3.686,3.776,3.320,3.615,4.619,4.982,3.800,4.280,4.295,4.507,5.769,5.147,4.603
-36.259,0.847,-0.790,1.849,1.854,-36.259,0.117,0.437,0.879,2.584,1.707,0.163,1.372,0.983,0.985,0.820,3.948,-0.690,-0.137,1.757,2.565,-2.134,1.345,1.810,1.484,2.141,1.389,4.216,4.279,2.126,2.273,1.276,2.000,1.649,2.351,2.455,3.842,2.821,1.614,2.470,1.983,2.498,3.991,3.476,2.992,2.326,2.352,2.714,3.618,2.843,1.931,2.823,4.540,4.571,3.626,2.931,3.849,4.156,3.721,4.132,4.030,4.347,4.261,4.011,3.844,3.536,4.992,4.960,3.389,4.064,3.677,4.040,4.136,4.091,4.561,4.227,5.967,4.690,5.134,4.668
-36.259,2.595,1.170,1.780,3.410,-36.259,1.820,0.698,-0.985,0.998,3.208,2.381,2.083,1.476,0.240,1.316,3.610,0.539,2.215,1.604,2.668,-1.235,2.260,1.966,1.682,1.790,2.470,4.555,4.668,2.951,1.334,2.797,2.325,2.009,1.809,1.277,3.127,2.042,1.971,3.383,1.898,2.353,3.964,3.390,2.394,2.564,2.839,1.625,2.374,2.902,2.959,3.185,3.987,3.520,2.995,3.335,4.213,3.825,3.185,3.492,4.548,4.353,3.736,3.892,4.069,3.430,3.367,3.686,3.695,4.084,3.794,3.837,4.132,4.652,4.600,5.007,5.586,4.782,4.786,5.031
-36.259,-2.449,1.538,0.210,1.153,-36.259,0.187,0.158,0.171,3.172,1.140,1.704,0.318,0.833,1.752,1.500,2.219,0.723,1.815,2.009,1.749,0.843,1.697,1.564,1.110,2.591,1.647,3.919,4.069,2.194,3.341,1.852,2.802,1.258,2.226,1.851,2.360,2.159,1.309,2.973,2.812,3.331,3.468,3.597,3.295,3.208,2.633,2.132,2.281,2.722,3.259,3.887,3.982,4.173,3.898,3.868,3.664,3.655,3.767,3.967,4.698,4.897,4.647,3.896,3.522,3.175,4.064,3.744,2.881,3.535,3.337,4.438,4.766,4.027,4.046,3.711,4.484,4.050,4.698,4.943
-36.259,1.084,2.351,1.621,2.494,-36.259,0.803,2.196,3.412,1.956,3.077,-0.256,0.304,1.523,1.960,0.747,1.271,0.938,1.517,1.286,1.627,0.539,1.368,-0.134,1.553,1.754,2.815,4.496,4.437,2.269,3.175,1.062,2.478,1.405,1.802,2.598,3.033,2.351,1.857,2.492,2.174,2.952,4.320,3.682,1.090,2.424,1.857,1.337,2.450,1.966,2.465,3.157,3.825,4.057,3.111,2.477,3.450,2.373,3.722,3.347,4.368,4.090,3.807,3.609,3.615,3.873,3.879,3.756,3.163,3.799,3.668,3.925,4.086,3.963,4.551,3.789,5.196,4.338,4.537,5.425
-36.259,1.169,1.459,0.625,1.727,-36.259,1.047,1.237,0.202,0.752,2.372,-0.179,1.752,0.706,-1.419,2.299,2.148,0.467,2.366,1.648,2.420,-1.281,1.927,2.640,2.525,2.709,2.944,4.534,4.543,3.053,2.505,2.434,2.110,1.910,2.212,3.137,3.827,3.056,2.341,2.689,2.469,2.469,4.062,3.314,2.467,2.566,1.920,2.352,3.339,2.738,1.992,3.168,4.053,4.144,3.352,2.723,4.439,4.327,2.680,3.752,4.226,3.707,3.711,4.330,3.888,3.311,3.442,3.731,3.030,3.709,2.951,3.724,4.004,4.078,4.092,4.254,5.527,4.614,4.118,4.658
-36.259,0.036,1.264,0.041,0.127,-36.259,1.018,1.768,2.016,-1.213,1.605,-1.676,-1.622,-0.500,0.302,2.452,3.409,3.122,2.534,2.061,1.665,0.787,2.777,2.974,1.832,1.420,1.996,3.494,3.960,2.402,1.821,2.304,2.135,2.050,1.683,2.100,2.692,1.030,1.630,3.467,2.183,3.016,2.784,3.025,3.054,3.217,2.845,1.626,2.422,2.548,2.701,2.835,3.539,3.409,3.159,3.038,2.827,2.908,3.751,3.857,4.402,4.292,4.261,4.453,4.325,3.952,3.695,3.345,3.140,3.045,3.588,3.537,3.860,4.349,4.578,3.914,4.844,4.110,4.749,4.038
-36.259,-0.271,-0.604,-0.036,2.681,-36.259,0.484,-0.545,1.872,0.140,2.059,0.289,1.573,1.960,-0.849,1.885,3.259,2.025,1.866,1.884,0.948,-0.137,1.287,2.657,1.992,2.609,3.064,4.858,4.917,3.556,2.595,2.641,2.990,2.554,1.956,3.407,3.457,3.487,3.043,2.797,2.374,3.388,3.852,4.166,3.727,3.295,2.674,3.009,3.153,2.302,3.217,3.331,3.732,3.724,3.065,2.955,3.823,3.466,3.472,3.341,3.235,3.116,4.115,3.557,3.441,4.196,3.825,3.755,3.050,3.419,4.177,4.518,4.411,4.042,4.518,4.081,4.933,5.080,4.778,4.404
-36.259,3.286,1.327,1.602,3.177,-36.259,1.811,-0.351,0.455,1.596,2.127,1.028,-1.388,1.284,-0.135,1.140,1.547,0.746,1.642,1.255,1.700,1.417,2.111,2.581,1.984,1.586,2.512,4.459,4.318,2.394,0.362,1.913,2.525,2.245,0.641,3.282,3.440,2.911,2.045,2.684,3.049,3.444,4.939,4.442,3.318,3.094,2.573,2.789,3.976,3.437,2.381,2.274,3.550,3.925,3.640,3.714,3.797,3.514,3.202,3.153,3.419,3.916,4.049,3.769,3.537,3.298,3.348,3.375,3.525,3.404,3.264,4.169,4.517,4.054,3.560,4.065,4.135,4.674,4.871,4.033
-36.259,2.461,-1.687,0.808,1.389,-36.259,0.748,0.762,2.010,-0.634,2.673,1.562,-0.585,0.349,1.554,2.046,3.636,3.705,3.005,2.817,2.736,0.872,1.947,2.595,1.100,1.809,2.471,4.754,4.873,3.287,3.284,3.273,2.813,2.782,1.518,3.451,3.761,2.997,1.671,4.103,3.257,3.366,4.421,3.883,2.921,3.654,3.429,2.968,4.408,3.418,2.064,3.464,4.235,4.279,3.429,2.283,3.679,3.930,3.668,3.527,4.404,3.677,3.530,3.808,4.320,2.786,3.878,3.912,3.283,4.257,3.854,3.257,3.410,3.181,4.396,3.826,4.785,4.514,4.666,4.324
-36.259,-0.470,1.620,0.359,-0.225,-36.259,-0.168,1.354,0.164,2.541,1.249,1.254,2.316,1.230,-1.754,2.656,2.304,0.807,1.701,1.333,1.721,0.872,3.018,2.129,2.078,2.996,2.929,4.830,4.755,2.534,3.801,2.308,2.446,1.962,1.209,2.600,3.322,2.148,1.627,2.069,2.830,3.087,4.502,3.817,2.935,3.409,2.903,1.901,2.549,2.203,2.824,3.004,2.861,3.543,3.679,3.413,3.006,3.111,3.408,4.227,4.855,4.487,4.440,3.327,3.182,3.919,3.602,3.164,3.039,3.980,3.698,4.234,4.463,4.016,4.408,4.176,4.869,4.462,4.094,5.034
-36.259,2.501,-0.207,0.144,1.232,-36.259,1.140,-0.662,-0.468,0.464,1.829,2.001,2.176,-0.393,1.663,1.878,2.212,0.588,-0.853,1.511,1.776,0.646,0.760,2.445,1.288,1.089,2.760,4.599,4.439,2.269,2.717,2.199,2.828,1.294,0.662,1.622,2.678,2.141,1.818,1.239,1.686,4.093,4.352,4.193,3.930,2.986,2.342,3.270,4.065,2.443,2.501,3.470,4.564,4.691,3.580,2.669,4.645,4.211,3.706,4.114,4.609,4.354,4.218,4.256,4.072,4.238,4.566,4.260,3.367,3.511,3.833,4.266,4.262,3.786,3.486,4.400,4.830,4.395,5.108,5.004
-36.259,1.105,2.168,0.800,2.945,-36.259,2.240,2.023,1.978,-0.762,2.396,1.170,0.991,1.023,0.521,2.441,1.984,2.043,2.103,1.445,1.280,-2.106,1.719,2.373,2.175,1.734,2.245,4.364,4.299,2.334,2.115,2.341,2.740,1.691,1.732,3.283,3.923,3.562,1.540,2.383,1.967,2.212,4.118,3.538,2.424,1.936,3.099,3.532,4.540,3.791,1.775,2.656,4.271,4.137,2.785,3.025,3.778,3.143,3.740,3.896,4.676,3.844,3.840,3.761,4.003,2.801,3.504,3.679,3.655,4.466,3.932,5.449,5.680,4.311,4.242,3.690,4.931,4.245,3.497,3.681
-36.259,-0.567,1.245,1.823,1.937,-36.259,2.212,-1.468,1.837,1.620,0.371,0.236,2.458,0.878,1.635,2.523,2.849,3.250,1.859,2.847,2.289,-0.948,1.544,1.907,1.166,3.297,2.825,4.479,4.502,2.526,2.063,1.342,1.653,0.844,2.289,2.124,2.395,2.205,1.776,1.935,2.092,3.082,4.497,4.279,2.669,2.992,2.036,1.801,1.619,0.638,2.282,3.170,4.521,4.716,3.534,2.858,4.241,4.080,3.018,3.132,4.705,4.315,3.110,3.364,3.686,4.223,4.859,4.516,3.028,2.562,3.672,4.568,4.673,3.989,3.556,3.730,5.532,5.386,4.483,4.598
-36.259,0.930,-1.157,1.447,2.939,-36.259,1.064,-0.716,1.204,2.546,1.491,0.812,0.438,0.857,1.357,2.475,2.476,2.910,-0.144,1.719,2.004,-0.025,2.066,2.319,2.405,2.130,2.879,4.605,4.859,2.893,3.925,3.596,1.944,1.442,0.723,1.974,2.087,2.101,1.004,3.114,2.776,2.864,4.001,3.354,2.688,3.429,3.835,3.087,2.658,2.534,2.775,3.394,4.280,4.092,2.340,2.365,2.849,2.337,3.057,3.594,3.092,4.088,3.610,3.347,3.570,3.212,4.062,4.225,3.353,3.531,4.272,5.108,5.360,4.010,4.355,3.928,4.884,4.460,4.596,4.433
-36.259,0.834,0.559,1.540,2.715,-36.259,-0.563,0.702,1.925,2.436,1.140,0.910,0.762,1.540,1.549,1.922,2.745,2.399,2.327,2.003,1.627,0.554,2.505,2.914,1.986,3.134,1.864,4.368,4.585,2.869,3.321,2.575,2.837,2.610,1.556,2.234,2.680,2.392,2.058,2.324,2.027,3.624,4.094,3.468,2.727,3.227,3.804,2.572,3.504,2.911,2.068,2.673,3.915,4.383,3.573,3.770,3.628,3.424,3.910,4.024,4.761,5.191,4.614,4.167,4.591,3.679,4.310,3.800,3.535,4.142,4.448,4.931,5.190,4.549,5.006,3.659,4.611,4.415,4.619,4.437
-36.259,1.990,0.403,1.281,2.593,-36.259,1.260,1.039,-1.538,2.141,2.366,0.812,1.391,1.311,0.131,2.139,0.746,-0.060,0.080,1.506,1.979,0.324,2.727,2.179,2.066,2.704,2.609,4.641,4.718,2.562,2.548,2.505,1.034,1.461,2.321,3.047,3.489,3.094,1.521,3.026,2.129,2.121,3.768,3.252,3.143,2.825,3.069,2.849,3.897,2.635,2.678,3.014,3.571,3.797,2.645,2.533,3.443,3.641,3.255,3.397,3.569,3.899,3.267,4.255,4.185,4.559,4.181,3.704,3.061,3.753,3.976,4.299,4.218,4.105,3.953,4.114,4.626,4.740,4.630,4.518
-36.259,2.349,2.944,1.249,0.780,-36.259,1.143,1.994,1.540,2.071,2.447,1.145,0.547,0.265,0.217,1.692,3.201,2.808,0.526,1.714,1.615,0.078,-1.243,1.219,1.384,1.030,1.620,3.686,3.906,2.616,0.420,0.925,2.347,1.394,1.478,2.318,2.867,2.852,1.554,2.420,2.245,3.562,4.565,4.284,3.644,3.355,2.568,2.176,2.735,2.183,3.410,2.854,4.179,4.578,3.974,3.091,3.545,3.649,3.915,3.264,2.998,4.099,3.328,4.456,3.947,2.813,4.142,3.543,2.635,4.227,3.596,3.861,4.266,3.644,4.505,3.562,3.844,4.108,4.643,5.281
-36.259,0.608,1.509,-1.647,1.604,-36.259,1.383,1.363,1.918,0.040,1.400,1.309,1.872,1.042,0.897,0.272,1.611,0.114,0.017,1.139,1.579,0.818,1.613,2.654,2.360,1.186,2.234,4.503,4.425,2.555,2.615,1.202,2.704,0.888,1.827,1.445,2.383,2.925,2.056,2.286,1.505,2.219,4.454,3.835,2.764,3.258,3.258,2.803,3.749,2.745,2.671,2.998,3.511,4.026,3.583,2.464,4.308,4.200,3.463,3.747,3.921,3.947,3.652,4.043,3.884,4.196,3.875,3.934,3.191,3.733,3.355,4.513,4.690,3.797,4.480,4.292,5.225,4.939,5.385,5.146
-36.259,1.326,1.272,0.769,3.403,-36.259,2.447,-0.892,1.484,0.280,2.725,1.024,0.272,2.706,0.122,3.010,2.935,3.120,2.062,2.958,1.686,1.264,2.270,0.636,1.678,2.687,2.812,4.611,4.651,2.857,1.712,1.945,3.065,2.156,2.021,1.778,2.912,2.717,2.171,2.766,2.817,2.537,4.521,3.756,2.889,3.689,3.506,1.972,1.882,2.652,3.585,2.702,4.160,4.569,3.423,3.278,3.345,3.024,2.829,3.563,4.220,3.970,4.623,3.461,3.485,3.749,4.303,3.775,3.621,2.977,3.450,3.721,4.302,3.565,4.027,3.973,5.244,4.743,5.333,5.613
-36.259,1.548,1.796,0.683,-3.352,-36.259,1.170,1.747,0.719,1.119,2.389,1.958,0.050,0.384,-0.339,1.138,1.095,1.941,2.760,2.464,1.745,-0.412,2.388,2.450,2.654,2.796,2.041,4.043,4.554,3.269,2.510,3.291,1.986,2.284,1.226,2.031,2.202,2.171,1.972,3.101,3.123,3.313,3.607,3.694,3.492,3.357,3.109,2.650,3.833,2.905,2.344,3.184,3.941,3.663,3.586,3.360,3.889,3.793,3.943,4.008,4.411,3.834,3.460,3.640,2.740,2.683,3.238,2.855,2.732,3.461,3.192,4.915,5.193,4.202,3.052,4.106,4.647,4.321,4.844,5.207
-36.259,3.480,3.846,2.056,1.445,-36.259,2.506,2.376,2.446,1.503,2.422,1.774,-0.430,-0.380,1.252,1.195,1.814,0.308,1.922,1.086,1.038,0.156,1.579,2.045,1.600,1.919,1.837,4.383,4.573,2.685,1.950,2.116,2.435,1.187,0.148,2.182,1.949,2.079,2.315,3.339,3.071,3.405,5.231,5.213,3.572,3.779,3.599,3.149,3.317,2.476,2.919,2.973,3.361,3.245,3.039,2.806,3.922,3.779,2.750,3.762,4.150,4.493,3.664,4.002,4.002,3.812,3.328,3.818,3.372,4.007,3.612,4.396,4.376,3.294,3.235,3.265,4.611,4.416,4.092,4.460
-36.259,2.163,2.771,1.748,-1.272,-36.259,0.153,1.460,1.350,0.029,1.635,1.420,1.099,0.359,2.118,0.748,0.915,1.948,1.161,1.753,1.223,0.396,0.466,1.360,1.455,1.411,2.470,4.414,4.522,2.550,1.831,2.540,1.036,0.281,0.073,2.416,3.237,2.425,2.049,3.024,2.311,2.483,3.783,3.881,3.453,2.918,1.609,2.267,3.059,2.333,2.272,2.810,3.729,3.736,3.089,2.776,3.545,3.751,3.554,3.884,4.889,4.479,3.693,4.047,3.981,4.367,4.006,4.140,3.613,3.865,3.700,4.118,4.161,3.571,3.689,4.249,4.822,4.424,4.262,5.486
-36.259,2.929,2.461,1.792,2.751,-36.259,1.161,0.472,1.867,2.310,2.743,2.364,0.537,1.926,2.161,1.265,1.446,1.622,0.708,2.515,2.076,1.209,2.124,2.595,1.604,2.766,2.644,4.436,4.415,2.700,2.191,2.691,3.326,1.624,2.018,2.721,3.410,3.045,2.074,1.821,2.498,3.128,4.533,3.848,3.440,3.344,3.345,3.004,3.845,3.229,3.079,3.212,3.704,3.273,2.425,2.484,4.124,4.043,3.078,3.888,4.683,4.069,3.124,4.663,4.620,2.528,3.454,3.644,3.194,3.938,4.014,4.887,5.145,4.553,4.514,4.023,4.418,4.560,4.082,4.615
-36.259,0.349,0.174,0.941,2.028,-36.259,0.634,0.539,0.815,0.619,2.093,-3.288,0.632,1.113,2.261,3.448,2.865,2.709,2.685,1.995,2.020,0.869,1.647,2.571,2.448,2.004,2.903,4.453,4.465,2.822,3.417,2.788,2.745,1.976,1.530,3.108,3.457,3.013,1.988,4.055,3.211,2.980,4.663,3.931,3.106,3.718,2.852,2.708,3.760,3.066,2.237,3.029,3.446,3.528,2.984,2.467,3.105,3.717,3.459,3.766,4.270,4.555,3.845,4.719,4.360,3.326,3.943,3.742,3.045,3.274,4.026,4.267,4.609,4.907,4.688,4.381,4.842,5.116,5.846,5.276
-36.259,1.448,0.698,1.233,-1.741,-36.259,-0.057,-0.940,-0.059,-0.287,1.806,1.068,-0.140,-0.250,1.488,1.916,1.916,2.610,2.734,1.787,2.540,1.349,1.924,-0.337,1.557,1.761,3.448,4.515,4.141,2.182,2.829,1.738,2.507,1.917,1.118,2.079,2.094,2.343,2.055,2.896,2.940,2.032,3.821,3.281,2.755,3.650,3.640,1.917,2.431,2.689,3.023,3.219,3.683,3.307,2.791,3.061,4.005,2.738,3.997,4.111,3.932,4.472,4.481,3.454,3.767,3.996,3.803,3.671,3.355,2.690,4.251,4.325,4.543,4.899,4.446,4.463,5.301,5.170,5.079,5.403
-36.259,3.052,-0.811,2.186,-1.842,-36.259,0.344,0.886,2.758,-1.383,2.788,2.105,1.678,-1.503,0.747,2.822,1.910,2.545,2.870,1.171,1.042,-0.287,1.795,1.097,1.794,2.519,2.481,4.427,4.473,2.236,2.555,1.921,2.287,2.218,1.608,2.474,3.161,2.994,2.205,3.629,2.432,3.340,5.001,4.926,4.018,4.028,3.609,3.153,3.289,2.302,2.269,2.260,3.493,3.973,2.834,2.705,4.190,4.232,3.565,3.597,4.201,3.940,3.906,4.394,4.377,3.608,3.960,3.792,3.271,3.286,4.180,5.302,5.366,4.463,3.808,4.185,4.907,4.492,5.155,5.065
-36.259,1.604,1.576,1.656,2.351,-36.259,2.214,2.190,3.142,-3.928,2.009,1.475,1.793,1.152,0.614,1.431,0.456,-1.846,0.536,0.464,1.564,1.074,2.221,2.574,1.917,1.488,2.492,4.594,4.669,2.595,1.023,1.872,2.035,2.028,1.576,1.898,2.544,2.408,1.829,3.431,2.994,3.239,4.654,4.383,3.817,3.669,3.407,3.324,3.555,2.120,1.761,2.808,4.040,4.283,3.328,3.039,3.052,2.876,3.667,3.432,4.498,4.833,4.045,4.463,4.189,4.091,4.187,3.921,3.276,4.485,4.303,4.299,4.592,5.193,5.209,3.748,4.802,4.828,4.973,4.371
-36.259,0.569,1.925,0.910,-0.608,-36.259,1.611,1.246,0.232,-1.068,1.852,1.623,1.048,0.712,0.469,2.852,3.031,2.598,2.148,1.046,1.007,0.040,2.303,2.936,1.596,1.874,2.654,3.788,3.833,1.446,3.766,2.373,2.373,1.648,1.488,1.347,2.312,2.203,1.425,2.278,2.333,2.937,3.280,3.280,3.811,2.586,2.860,2.553,1.661,2.241,2.483,3.715,2.946,3.070,4.069,3.901,3.462,3.456,3.525,3.651,4.696,4.496,3.859,3.954,3.322,4.266,3.556,3.315,2.561,3.320,3.404,3.377,3.754,3.925,3.292,2.681,4.560,4.488,4.982,4.802
-36.259,1.743,0.612,1.050,0.317,-36.259,1.064,-0.754,2.143,1.110,2.973,1.909,0.581,-1.132,1.350,2.196,2.521,1.339,1.439,1.753,2.335,0.315,1.157,0.938,1.532,2.422,1.774,3.444,3.699,2.561,2.498,1.768,2.228,1.998,1.192,1.944,2.354,2.279,1.717,3.103,2.468,1.768,3.868,3.416,2.461,2.894,2.828,1.894,3.148,1.557,2.942,3.079,3.727,4.088,3.933,3.944,3.995,2.884,4.069,3.638,3.837,3.703,4.559,3.572,3.988,3.732,4.182,4.039,3.614,3.056,3.255,3.626,3.707,3.613,3.521,3.354,4.752,4.489,3.898,3.396
-36.259,1.625,2.204,0.658,-0.583,-36.259,1.737,1.093,2.318,0.804,-0.188,-1.847,-0.129,-0.159,0.679,2.569,3.190,2.627,1.490,2.267,2.644,1.508,2.022,0.909,2.079,2.026,3.333,4.811,4.815,3.514,2.479,1.289,1.147,2.023,1.469,1.711,2.650,2.309,0.501,2.224,2.323,2.846,2.955,2.690,3.260,2.703,2.090,2.949,3.551,2.358,3.196,2.709,4.225,4.424,2.917,2.929,3.134,3.472,3.786,3.878,3.514,3.596,3.482,3.280,3.333,3.058,4.849,4.539,3.285,3.207,4.428,4.120,4.277,4.909,3.909,4.049,4.357,4.619,5.417,5.263
-36.259,2.187,0.948,0.256,3.025,-36.259,1.114,1.253,0.888,0.129,1.546,1.139,-1.138,1.807,0.692,2.503,2.961,0.454,0.665,0.539,1.104,-0.281,1.897,1.667,1.037,2.367,2.151,4.206,4.283,2.219,1.850,1.042,1.642,0.697,1.153,1.535,1.388,1.683,0.578,2.748,2.260,3.206,3.930,2.659,2.634,2.695,2.474,1.311,1.933,1.365,3.264,3.825,3.904,4.188,4.058,3.577,2.898,3.051,3.865,3.715,3.469,3.668,4.403,3.399,3.434,3.769,3.574,3.618,3.526,2.958,3.196,3.889,3.795,3.134,3.614,4.244,4.716,4.897,5.810,4.743
-36.259,-0.361,0.761,-0.042,1.690,-36.259,2.726,0.545,1.044,2.755,3.673,1.434,1.315,1.867,1.514,1.431,1.026,2.764,1.918,1.920,2.315,-0.951,3.036,1.823,-0.486,1.218,2.445,4.437,4.485,2.618,2.263,1.437,2.798,1.555,2.181,3.729,3.879,2.866,1.358,3.454,2.468,3.423,4.271,3.371,3.308,3.752,2.618,2.263,3.933,2.818,3.767,2.842,3.942,4.153,3.566,3.133,4.136,4.280,3.836,4.041,4.429,4.475,4.719,4.640,4.207,4.243,4.420,4.267,4.056,2.921,3.700,4.725,4.742,4.209,4.365,4.376,5.279,4.809,4.761,4.386
-36.259,0.685,-0.263,0.001,1.543,-36.259,-0.471,0.769,1.985,2.199,0.428,-0.279,-2.037,0.020,2.046,0.206,2.862,2.471,0.405,2.381,0.870,0.821,2.010,0.972,1.863,2.606,2.257,4.267,4.262,1.987,2.294,1.598,2.762,2.317,1.712,3.090,3.279,3.244,2.466,1.800,1.966,3.424,4.525,3.454,3.095,2.565,3.270,3.220,3.381,2.125,2.471,2.889,3.854,4.027,3.690,3.811,4.161,4.108,4.038,4.396,3.941,4.362,4.535,4.005,4.217,3.676,3.516,3.319,2.511,3.119,3.660,3.925,4.079,4.260,3.991,3.814,4.422,4.271,4.432,4.698
-36.259,1.764,1.260,-0.232,1.901,-36.259,1.071,0.284,1.101,1.802,0.955,1.911,0.204,0.490,-0.665,2.382,2.773,-0.894,1.782,-1.332,0.083,-0.024,0.943,1.572,1.017,0.323,1.850,4.421,4.411,1.802,1.546,0.860,1.225,0.885,2.011,3.299,3.525,2.919,1.360,1.974,2.966,2.995,4.065,3.697,3.001,3.248,1.679,1.149,2.491,3.147,1.900,1.094,3.229,3.591,3.572,2.909,3.365,3.156,2.178,2.825,3.986,3.801,4.000,3.635,3.980,3.329,3.393,3.632,3.252,3.927,3.556,4.194,4.545,4.070,4.618,4.381,5.134,5.354,5.536,5.452
-36.259,2.699,2.691,2.141,1.271,-36.259,2.516,0.679,-0.338,2.467,3.467,2.448,2.367,1.536,0.121,2.343,1.271,0.585,1.006,-0.014,2.019,0.860,2.727,2.647,2.484,3.146,2.723,4.940,4.802,2.309,2.284,2.312,2.389,1.462,1.965,1.683,2.808,1.583,1.951,3.250,2.195,3.453,2.758,2.610,3.543,3.062,3.605,1.817,3.719,3.285,2.680,2.804,3.665,3.827,2.926,2.946,3.572,3.091,3.425,3.466,4.080,3.607,3.603,3.988,4.005,3.412,3.674,3.431,2.897,3.169,4.016,4.516,4.775,4.099,3.756,3.994,4.696,4.644,4.673,4.979
-36.259,-0.792,2.248,0.231,0.550,-36.259,1.514,0.986,1.306,-0.532,2.580,0.640,0.828,-1.644,1.702,2.339,2.024,1.709,0.669,1.541,2.122,-1.539,1.204,1.506,1.509,2.304,2.473,4.571,4.565,2.497,2.277,2.077,2.679,2.664,1.246,3.371,3.367,2.739,1.679,2.405,2.149,2.909,4.160,3.511,2.895,3.025,3.520,2.419,3.314,2.195,2.480,2.970,3.880,3.881,3.364,3.258,3.838,3.981,3.213,3.602,3.955,3.777,3.750,4.537,4.516,3.427,4.160,4.277,3.393,3.288,3.680,4.195,4.256,3.971,4.628,3.878,4.435,3.954,3.984,4.999
-36.259,1.612,2.339,-0.859,2.698,-36.259,1.931,1.339,0.031,-0.353,0.643,1.712,-0.047,1.869,1.326,1.536,1.030,2.021,3.286,1.286,1.731,-0.107,1.740,1.825,1.709,1.461,2.625,4.231,4.383,2.844,3.004,2.401,0.988,1.953,0.404,1.171,1.597,1.060,1.253,3.502,2.937,2.834,3.400,3.349,3.073,2.678,2.467,2.240,3.114,2.703,1.665,3.335,4.258,4.226,3.491,2.070,2.597,3.014,3.763,3.508,4.858,4.506,3.517,3.194,2.921,2.780,3.741,3.761,2.881,3.312,4.107,4.561,4.490,4.463,2.654,3.610,4.622,4.094,3.969,4.251
-36.259,2.569,1.412,1.146,0.475,-36.259,-0.144,-0.147,0.952,2.531,1.295,0.213,-1.383,0.822,0.082,1.786,1.924,2.925,1.941,0.632,1.742,2.029,3.973,3.828,1.921,2.055,2.381,3.760,3.960,2.216,2.854,2.261,3.604,3.200,0.697,1.491,2.171,2.113,1.952,3.124,2.342,3.605,3.098,3.463,4.469,3.250,3.669,3.532,2.829,2.425,2.156,2.054,3.115,3.226,2.753,2.641,2.824,2.796,2.924,3.380,4.550,3.811,3.425,3.398,3.474,3.151,3.808,3.782,3.167,4.023,4.202,4.714,4.564,3.738,3.790,3.770,4.962,4.079,4.265,4.493
-36.259,1.858,2.885,0.868,0.611,-36.259,2.033,2.085,0.322,1.518,0.895,0.833,1.430,1.337,1.123,2.789,1.454,2.638,2.201,2.057,1.457,1.083,1.701,1.866,2.413,1.810,2.483,4.594,4.793,3.131,2.605,2.860,2.034,0.865,1.877,2.830,3.299,3.041,2.267,2.792,2.421,3.033,4.170,3.185,2.960,3.553,1.920,1.670,2.373,2.335,1.750,2.420,3.711,3.540,3.482,3.231,3.934,4.073,3.499,3.534,3.584,3.723,3.224,4.332,4.337,3.098,3.520,3.519,3.340,3.679,3.452,4.077,4.139,3.867,4.261,4.018,4.769,4.655,4.734,4.602
-36.259,2.165,1.458,0.661,1.307,-36.259,2.106,-0.280,1.013,1.584,1.698,1.202,1.663,0.790,0.791,2.582,2.013,2.022,1.702,1.019,1.174,1.502,2.670,2.232,1.709,1.007,2.031,4.739,4.724,1.884,-0.236,1.153,1.213,0.869,0.581,2.209,2.524,2.498,1.618,3.555,3.667,3.778,3.975,4.341,4.190,3.815,3.097,2.572,2.819,2.201,2.725,2.628,3.785,3.749,2.933,3.464,3.973,4.183,3.762,3.739,4.663,4.434,4.080,4.894,4.544,3.016,4.126,4.102,3.367,3.401,4.021,4.665,4.723,4.364,4.493,4.237,4.858,4.286,5.070,4.729
-36.259,1.263,0.700,-1.004,3.231,-36.259,1.133,1.704,2.500,2.121,2.782,-0.227,1.320,2.313,1.085,2.782,2.185,2.406,2.109,2.444,1.730,-0.271,2.117,0.332,1.393,2.048,1.678,4.464,4.612,2.425,3.374,2.162,1.897,0.091,2.016,2.278,2.815,2.343,1.458,3.071,3.002,3.492,4.974,4.441,3.946,3.652,2.319,2.664,2.712,1.939,2.951,2.900,3.738,3.890,2.933,3.164,3.497,2.812,2.875,3.254,4.336,4.040,4.259,3.095,3.011,3.805,4.789,4.774,3.338,3.658,3.760,4.246,4.273,4.070,3.852,3.816,4.740,5.069,5.790,5.855
-36.259,0.921,0.834,0.112,1.951,-36.259,-0.158,-0.077,0.863,2.428,0.135,1.890,-0.763,0.393,1.537,2.058,2.627,1.808,2.156,2.262,1.048,1.734,2.694,2.388,1.439,1.816,2.349,4.556,4.684,3.064,1.996,2.439,3.550,3.171,2.336,3.307,3.027,2.836,1.917,2.536,3.226,3.877,4.689,4.177,4.413,3.707,3.423,2.652,3.581,3.173,3.162,3.137,3.483,4.110,3.432,2.764,3.575,3.168,3.297,3.831,4.369,4.023,3.313,3.782,4.069,2.810,3.670,3.564,3.607,4.032,4.063,4.648,4.586,4.463,3.867,3.307,4.932,4.369,4.688,5.336
-36.259,3.055,2.754,2.541,0.218,-36.259,1.142,1.599,2.097,1.826,0.831,0.816,-0.976,0.732,1.956,2.770,3.070,2.430,1.858,1.909,1.664,0.961,2.283,1.826,1.361,2.522,3.018,4.775,4.701,2.153,3.051,1.886,2.950,1.690,2.334,3.087,3.144,3.255,2.693,2.885,1.974,3.325,4.547,3.130,2.876,3.464,3.097,2.604,2.799,2.467,2.837,3.449,4.100,4.100,2.873,1.748,2.856,2.688,3.406,3.553,3.727,3.689,2.998,3.657,3.326,3.092,4.038,3.829,3.395,2.878,3.707,4.335,4.414,4.182,4.658,4.726,5.745,5.232,4.901,5.523
-36.259,2.295,2.378,-1.544,2.394,-36.259,1.360,1.012,0.468,1.376,1.487,1.605,-0.085,2.026,2.002,0.409,1.433,-0.800,2.303,1.040,1.563,0.394,1.618,0.989,1.579,3.318,3.018,4.834,4.855,2.841,3.339,3.102,3.138,3.297,1.576,0.385,2.113,2.306,2.483,2.277,2.646,3.043,3.682,3.432,1.953,2.773,3.223,2.907,2.799,2.531,3.336,3.746,4.615,4.510,3.346,3.032,3.330,3.121,2.476,3.291,3.181,3.443,3.650,3.507,3.378,3.444,4.349,4.418,3.495,2.906,3.586,4.470,4.632,4.359,3.655,4.247,5.265,4.733,4.426,4.263
-36.259,0.973,0.454,1.722,1.556,-36.259,1.744,0.741,1.593,2.510,1.065,-0.453,1.555,-1.344,0.637,2.051,1.283,-1.622,1.527,1.976,1.073,-0.160,2.620,2.204,1.991,3.117,3.317,5.062,5.035,3.106,2.418,1.826,1.967,1.110,1.588,1.717,1.687,1.737,1.147,1.929,2.395,2.604,4.294,4.005,3.287,2.198,2.326,1.870,3.027,2.168,2.815,3.189,4.354,4.394,3.247,2.851,3.988,3.896,3.457,3.265,4.255,3.927,3.306,3.783,3.736,3.326,4.277,4.265,3.375,3.718,4.164,5.152,5.331,4.612,4.298,4.072,4.740,4.363,3.910,4.749
-36.259,-0.867,1.994,-0.716,1.307,-36.259,1.483,0.914,1.420,1.343,2.123,0.709,0.693,0.314,2.115,1.599,0.997,2.327,1.086,2.239,0.753,1.502,2.808,2.521,1.257,2.660,2.831,4.745,4.909,3.298,2.533,2.250,2.496,2.400,1.030,1.718,2.188,2.559,2.597,1.771,2.190,2.919,3.489,3.075,2.803,2.422,2.948,2.367,2.912,2.719,2.990,3.000,2.955,2.840,2.966,2.994,3.811,3.442,3.659,3.631,4.378,3.718,4.171,4.644,5.017,4.701,3.857,3.038,3.368,2.673,3.588,4.842,5.106,4.023,3.006,4.007,5.540,4.464,4.365,4.695
-36.259,2.002,-1.350,1.956,2.232,-36.259,0.479,-1.149,0.241,2.554,2.110,1.223,-0.776,1.370,1.109,1.595,2.700,2.377,1.902,1.945,1.231,1.275,1.531,1.889,0.537,0.804,2.404,4.391,4.492,2.665,1.579,2.142,2.093,2.673,2.367,3.252,3.509,3.135,2.894,2.815,2.538,2.641,3.818,3.504,3.890,2.721,3.197,3.694,3.270,2.491,2.401,2.723,4.278,4.452,3.327,2.480,3.161,3.553,2.778,3.231,5.022,4.574,3.419,3.947,3.789,3.021,4.051,3.942,3.117,3.208,3.981,4.459,4.217,4.388,3.544,3.914,5.321,4.510,5.063,4.751
-36.259,3.097,2.353,0.814,1.359,-36.259,1.992,0.798,-0.839,3.502,1.061,-0.098,0.416,-1.979,-1.369,1.236,2.704,2.579,2.086,1.302,0.694,0.708,2.247,2.712,1.589,2.316,1.444,4.371,4.413,2.322,3.013,2.728,3.056,2.826,1.223,2.130,3.080,1.392,1.194,2.789,2.440,1.921,3.872,3.421,2.726,2.635,2.397,2.599,2.730,3.195,3.726,3.767,3.859,4.056,3.718,3.213,3.481,2.920,2.783,3.498,4.046,3.851,3.526,4.323,4.376,3.452,3.671,3.755,3.251,3.900,3.160,4.280,4.436,4.053,3.745,3.538,4.724,4.558,5.802,4.639
-36.259,3.124,3.079,2.308,2.052,-36.259,2.340,2.455,1.395,3.122,2.856,1.900,1.004,0.678,1.638,1.902,1.267,3.773,3.071,2.777,2.668,0.809,2.701,2.042,1.552,1.515,3.415,4.601,4.460,2.543,3.018,1.778,2.846,2.072,2.726,3.544,3.469,2.242,1.522,3.072,2.548,3.587,4.836,4.265,3.024,2.713,1.991,2.918,3.437,2.280,2.036,2.932,3.457,3.913,3.383,3.073,3.025,3.461,3.058,3.378,4.249,3.968,3.184,3.476,3.188,3.050,3.870,2.992,3.023,4.572,3.253,3.545,3.724,3.590,4.620,4.378,5.492,4.721,5.048,4.562
-36.259,-0.203,0.834,0.926,1.032,-36.259,-1.288,1.025,1.384,1.247,2.276,0.643,-0.612,-1.152,1.858,1.112,1.871,2.551,1.037,2.024,2.047,-0.973,1.346,1.457,0.806,2.008,2.608,4.714,4.798,2.883,3.420,1.453,2.607,0.726,2.538,2.164,3.477,3.272,1.130,1.195,1.524,2.716,3.166,3.674,3.326,2.855,1.834,2.744,3.472,3.168,2.605,3.306,4.718,4.881,3.435,2.710,3.554,2.865,3.684,4.138,5.106,4.220,4.148,3.892,4.074,3.498,4.346,4.399,3.487,4.525,3.670,4.492,4.411,3.907,4.697,3.394,4.520,4.585,4.429,4.068
-36.259,2.203,2.247,0.016,2.755,-36.259,2.670,1.455,-1.020,-0.116,2.840,2.457,0.069,1.456,-0.842,2.117,2.393,1.979,2.223,1.020,1.725,0.793,1.207,0.554,1.814,3.080,3.011,4.479,4.345,2.296,2.948,1.689,1.409,0.967,0.719,1.793,2.491,2.925,2.375,2.741,2.490,3.215,3.505,2.878,3.152,2.408,3.115,2.305,3.426,1.911,2.586,2.774,4.145,4.086,2.729,3.066,3.170,3.240,3.341,3.406,3.251,3.724,4.443,3.755,3.250,2.917,3.412,3.182,2.426,4.280,3.991,4.885,4.907,4.592,4.642,3.718,5.317,4.224,4.243,4.581
-36.259,3.114,2.775,2.019,0.950,-36.259,1.310,-0.309,0.549,1.793,1.271,-0.832,0.806,1.514,1.715,2.061,2.742,1.305,1.001,0.850,1.380,0.150,1.915,0.823,1.706,0.994,2.526,4.149,4.074,2.230,3.164,1.870,2.043,2.180,0.471,1.969,2.655,2.617,1.925,1.849,1.270,2.216,3.457,3.090,3.414,2.296,2.582,3.063,3.934,2.835,1.960,2.636,3.378,3.497,3.038,3.086,2.867,3.324,4.616,4.973,4.316,4.720,4.443,3.419,3.167,3.159,3.664,3.399,3.406,3.727,3.673,3.731,4.264,4.132,3.762,3.871,3.887,4.684,5.062,5.178
-36.259,0.495,1.359,-0.693,3.254,-36.259,1.523,1.176,0.829,0.303,1.472,0.174,0.481,0.955,0.055,2.933,2.728,3.359,2.902,2.791,2.661,-0.144,2.168,2.772,1.856,0.647,2.635,4.409,4.556,2.559,3.743,3.242,1.541,0.054,2.264,3.742,4.117,3.673,1.833,2.848,2.382,3.514,2.582,2.437,3.285,2.149,2.150,3.186,4.431,3.587,3.384,4.326,4.622,4.623,3.535,2.695,2.799,2.360,3.608,3.758,4.779,3.434,3.137,4.089,4.348,3.339,4.385,4.554,3.568,4.059,4.002,4.002,3.836,4.471,4.282,3.795,4.684,4.285,4.735,4.633
-36.259,2.860,1.507,1.757,1.447,-36.259,0.405,1.557,1.925,0.617,0.724,0.172,0.701,0.988,2.264,2.683,2.632,3.282,3.074,2.590,1.362,-0.156,1.888,0.880,2.012,2.095,2.787,4.822,4.829,2.789,2.173,1.988,2.563,1.931,1.257,3.072,2.775,3.191,0.915,3.394,3.230,3.669,4.098,3.894,3.189,2.885,3.052,3.020,3.691,2.773,3.159,3.623,3.951,4.098,3.175,2.661,3.553,3.876,3.635,4.011,4.281,3.884,3.918,3.353,3.056,3.826,3.226,3.237,3.690,3.502,3.942,4.068,4.287,4.503,4.057,4.349,4.218,3.915,4.225,4.228
-36.259,1.855,-2.475,1.011,1.711,-36.259,1.112,-0.558,2.071,2.705,1.928,1.794,-0.615,0.685,0.133,2.199,2.766,1.850,2.351,1.703,0.847,0.455,1.290,1.527,0.371,1.481,1.679,4.652,4.711,2.530,2.755,1.954,2.799,0.495,1.769,1.834,3.353,2.551,2.027,3.063,3.308,2.471,3.798,3.548,3.015,2.835,2.728,1.982,3.237,2.219,2.400,2.785,3.058,3.539,2.832,2.470,4.008,3.355,3.422,3.956,3.640,4.676,4.030,3.222,3.848,4.239,4.512,4.289,3.143,3.671,3.500,4.322,4.516,4.242,4.462,3.652,3.942,3.759,4.736,5.397
-36.259,1.513,0.313,0.410,2.014,-36.259,1.122,1.429,1.899,2.443,1.134,1.313,2.376,1.308,0.028,1.635,1.328,-0.247,0.303,1.576,1.561,-2.016,1.888,2.354,1.762,1.978,2.909,4.835,5.149,3.883,2.153,3.000,2.495,0.823,0.989,1.391,2.541,2.712,2.180,3.234,2.707,2.586,3.710,3.482,2.926,3.014,3.101,3.475,3.591,2.701,2.238,2.327,3.199,3.080,2.149,2.351,3.821,3.273,3.105,3.899,4.447,4.108,3.602,3.844,3.509,2.633,3.611,4.041,2.564,3.890,3.335,4.378,4.717,4.168,3.507,4.362,5.410,4.909,4.480,4.067
-36.259,2.357,0.502,0.785,2.079,-36.259,0.994,-0.570,0.168,1.516,1.867,1.309,1.178,1.657,1.029,2.437,1.916,1.120,0.901,1.538,0.954,0.291,0.625,1.426,1.027,2.487,1.411,3.763,4.234,2.818,2.454,2.678,2.662,2.381,2.269,2.217,2.331,2.172,2.070,3.035,2.627,1.967,3.271,3.768,2.669,3.173,3.595,2.859,2.927,2.521,2.535,3.010,3.867,3.875,3.276,3.102,2.802,2.657,3.239,3.831,4.351,4.069,3.689,3.490,3.028,3.788,3.510,3.736,3.144,3.795,4.194,5.124,5.298,4.462,4.660,4.330,4.621,4.983,4.577,4.492
-36.259,1.268,2.262,1.754,2.079,-36.259,2.163,1.132,2.178,0.052,2.734,2.656,0.029,-0.211,-1.292,2.223,2.976,1.994,0.738,0.705,1.595,-0.358,-0.723,1.131,2.197,1.492,2.554,4.638,4.724,3.037,2.269,2.457,2.641,2.454,1.594,1.471,2.290,2.079,2.076,3.558,2.555,2.977,3.972,3.555,2.979,3.615,3.143,2.781,3.616,2.136,2.422,2.682,3.295,3.773,3.581,2.782,3.210,3.128,2.540,3.989,4.792,4.872,4.316,3.906,3.762,2.684,4.324,3.954,2.304,3.291,3.895,4.213,4.506,4.360,3.454,3.388,5.016,4.118,4.428,4.866
-36.259,1.728,2.878,1.337,2.209,-36.259,1.123,2.443,1.537,-0.126,1.761,1.753,1.196,0.124,0.523,1.562,1.651,0.951,1.559,1.983,0.764,-0.233,1.899,1.050,1.832,1.391,2.431,4.016,4.148,2.970,2.295,2.097,3.257,2.476,1.661,2.513,3.158,2.574,2.577,2.123,2.811,2.485,4.233,4.071,3.282,4.311,2.908,2.314,3.376,2.206,2.093,2.747,3.426,3.452,3.455,3.556,3.108,3.168,2.854,3.353,4.424,3.955,3.558,3.935,4.177,4.421,3.907,4.315,3.298,3.928,3.999,4.178,3.804,4.193,4.272,4.237,4.749,4.195,4.566,4.705
-36.259,1.118,1.267,0.395,3.914,-36.259,1.919,1.186,1.353,-0.230,2.247,0.705,0.338,2.544,0.349,2.248,1.471,1.093,2.607,1.004,0.797,0.709,1.880,0.355,2.195,2.755,2.274,4.304,4.841,3.743,1.656,2.387,2.223,1.805,2.135,3.440,3.463,3.706,2.419,3.416,3.384,3.061,4.248,3.410,2.264,2.760,1.998,2.755,2.736,2.426,1.116,2.849,4.470,4.028,2.183,3.180,3.525,3.093,3.033,3.309,4.590,4.106,3.424,3.401,3.084,3.745,3.482,3.486,2.520,3.616,3.226,3.981,4.091,4.147,4.137,3.717,3.910,3.754,4.388,4.680
-36.259,0.199,1.723,0.395,1.294,-36.259,2.085,-3.444,1.575,0.701,2.238,1.626,1.244,-0.379,1.472,2.031,2.281,2.581,2.616,1.775,1.964,0.091,2.658,3.143,2.292,1.970,2.393,4.747,4.914,3.021,2.420,3.256,2.532,1.681,1.791,2.765,2.453,2.564,1.661,3.298,2.649,2.140,4.580,3.650,2.483,3.283,3.064,2.078,2.557,2.281,3.062,3.335,4.333,4.090,3.116,3.126,3.715,3.516,3.049,3.689,5.276,4.705,3.875,3.543,3.862,3.154,3.512,3.770,3.253,3.136,4.221,4.162,4.525,4.514,3.663,3.717,4.879,4.145,3.935,4.816
-36.259,2.429,0.817,1.513,-0.019,-36.259,1.239,-0.667,2.158,1.467,2.897,1.711,-0.121,0.513,2.226,1.572,1.062,1.271,2.095,0.972,1.184,1.753,2.914,3.075,2.006,0.509,2.278,4.490,4.235,1.449,2.891,2.310,2.324,1.471,1.178,2.630,3.262,2.935,2.004,3.805,3.134,3.246,4.205,3.569,3.166,3.032,3.047,2.364,3.069,2.714,1.897,2.852,3.959,4.368,3.180,2.831,3.415,2.580,3.137,4.196,4.586,4.639,3.484,3.354,3.227,3.273,3.696,3.360,2.637,2.803,3.702,5.398,5.713,4.377,4.224,3.815,4.595,3.846,5.077,4.941
-36.259,1.828,0.593,1.170,3.018,-36.259,1.560,1.457,2.498,1.720,-0.206,1.151,1.004,1.812,0.806,0.599,0.814,2.271,0.961,1.805,3.275,-2.419,2.281,2.089,1.655,2.210,3.000,4.569,4.730,3.254,3.499,2.215,3.307,2.693,2.660,0.661,2.250,2.019,1.795,3.536,3.213,2.517,3.968,3.576,2.830,3.095,2.243,2.246,3.361,2.948,3.076,3.588,4.346,3.643,3.305,3.648,2.540,2.720,3.544,3.590,3.642,3.436,3.396,3.695,3.490,3.997,3.076,3.068,3.051,3.328,2.768,3.987,4.340,3.945,4.147,3.433,4.411,3.851,5.410,4.878
-36.259,2.481,2.926,1.371,2.922,-36.259,3.144,2.426,1.338,2.368,2.434,2.690,1.420,1.138,-0.170,3.287,2.768,2.563,2.610,1.407,1.768,1.328,3.269,2.847,1.731,1.109,1.797,4.431,4.540,2.495,2.974,2.839,2.667,2.112,2.190,2.844,3.075,2.969,0.876,2.838,2.169,1.663,3.798,3.350,3.086,3.130,2.565,2.832,3.043,3.274,2.471,3.083,3.479,3.755,3.742,4.019,3.960,4.056,2.905,3.368,4.326,4.515,3.708,4.156,4.460,4.367,4.259,3.815,3.267,3.457,3.853,4.715,4.727,4.418,3.265,4.214,4.984,4.268,5.046,4.632
-36.259,-0.898,2.148,-0.039,2.250,-36.259,-2.129,1.485,1.899,2.066,2.791,0.784,0.807,-0.335,-1.282,0.916,2.835,0.378,0.190,0.723,1.541,1.636,2.354,2.878,1.305,1.714,2.439,3.975,4.142,3.023,2.060,1.757,2.307,2.173,1.432,2.292,3.049,2.520,2.378,3.899,2.830,2.630,4.490,3.961,3.162,3.292,2.764,2.026,3.662,2.804,2.148,2.219,4.357,4.387,2.879,2.314,4.287,3.781,3.151,3.466,5.059,4.885,3.752,3.574,3.608,2.779,3.861,3.609,3.307,3.815,3.533,4.173,4.392,4.259,4.449,4.274,4.298,4.073,4.102,4.109
-36.259,1.252,1.249,0.971,2.029,-36.259,1.484,0.344,0.285,-0.065,1.364,0.103,1.859,0.348,-0.893,2.953,1.946,2.841,2.596,1.663,2.286,-0.524,2.008,1.018,1.667,2.403,1.752,3.886,3.946,1.579,2.890,2.626,3.114,2.568,1.813,2.365,2.846,3.062,2.189,2.668,2.825,3.255,4.386,4.464,3.211,3.177,2.465,2.490,2.673,2.429,3.747,3.577,3.286,3.195,3.576,3.300,3.298,3.302,4.075,4.181,4.777,4.655,4.562,4.199,3.144,4.124,3.144,3.229,4.010,2.973,3.880,4.729,4.924,4.416,3.604,4.552,4.242,4.843,4.572,4.859
-36.259,2.435,0.716,1.929,-0.658,-36.259,-0.701,-0.153,1.762,0.611,-1.046,-0.113,1.738,-0.855,-0.976,2.295,2.258,1.360,1.648,0.798,1.907,1.554,2.303,1.145,1.779,2.468,2.217,4.191,4.205,1.975,1.707,1.408,2.044,2.233,1.299,3.024,3.921,3.411,3.080,3.533,2.725,3.767,4.743,4.638,4.040,3.603,3.466,2.915,3.118,1.392,2.880,3.683,3.429,4.127,4.153,3.275,3.882,4.251,3.358,3.628,4.532,4.345,4.151,3.810,3.910,3.746,4.198,3.772,3.667,3.440,4.226,4.791,4.796,4.341,3.892,4.390,5.050,4.683,4.155,5.226
-36.259,2.249,1.627,2.489,2.451,-36.259,2.631,0.320,1.027,1.206,2.102,1.896,1.190,1.128,1.196,2.586,2.652,2.414,2.058,1.205,1.285,1.520,1.860,1.555,1.867,0.844,1.904,4.219,4.341,2.407,1.463,2.088,1.402,1.068,0.859,1.781,2.943,2.084,1.396,2.193,2.317,2.100,4.203,3.981,2.574,3.353,3.277,0.701,3.429,2.706,2.397,3.728,4.247,4.598,4.031,3.126,4.292,4.018,2.959,3.253,4.760,4.450,3.619,3.678,4.246,3.747,4.276,3.993,3.254,3.010,3.987,3.897,4.006,4.306,3.767,3.884,4.990,4.468,4.401,5.063
-36.259,2.501,1.988,0.903,1.821,-36.259,1.551,1.489,1.043,-1.343,2.744,-1.144,0.161,-0.008,0.254,0.751,2.828,1.876,0.786,1.769,1.917,0.239,2.544,2.426,1.968,2.523,2.662,4.530,4.570,2.099,2.421,2.379,2.102,1.205,1.237,1.154,3.058,2.097,0.802,3.824,2.720,2.867,4.601,3.994,2.716,2.955,2.606,2.451,3.286,2.388,2.641,2.958,4.551,4.657,3.264,2.913,3.129,3.022,3.753,3.650,4.985,4.689,4.245,4.128,3.547,3.972,4.862,4.746,3.449,3.363,3.434,4.731,4.847,3.807,3.834,4.589,5.790,4.875,4.362,5.206
-36.259,0.817,2.664,-0.327,2.990,-36.259,1.782,1.956,1.905,-1.066,2.174,1.469,-0.334,1.592,-2.202,2.336,2.233,2.332,0.507,1.391,0.897,-0.372,2.668,2.792,1.173,2.395,0.595,3.939,4.084,2.354,2.124,1.853,1.514,0.321,1.761,2.628,3.212,2.619,2.014,3.727,3.169,2.226,4.584,3.796,2.925,3.558,3.099,3.000,3.883,2.202,2.285,3.458,4.165,4.544,4.346,3.680,4.477,4.132,3.720,4.700,4.001,4.218,5.371,4.047,4.248,3.556,4.311,4.192,2.563,4.318,3.441,4.130,4.333,3.534,3.487,3.997,5.185,4.301,4.179,3.985
-36.259,1.495,3.127,1.266,1.884,-36.259,2.054,2.365,1.093,1.717,2.851,2.178,0.049,0.832,0.520,2.131,1.639,1.899,2.772,1.849,0.402,0.650,1.545,1.450,1.861,2.425,2.624,4.343,4.221,2.501,3.384,2.333,2.858,2.741,1.607,2.856,3.203,2.617,2.122,3.754,3.602,3.037,3.762,3.377,3.181,3.623,3.218,2.165,3.984,3.545,2.986,3.019,2.927,3.276,3.605,3.190,4.481,3.872,3.390,4.134,5.115,4.868,4.873,4.349,4.264,3.276,3.509,3.686,3.689,4.165,3.693,4.415,4.569,3.948,3.615,3.963,5.067,4.095,4.502,4.627
-36.259,2.469,2.162,1.801,-0.092,-36.259,2.696,0.958,-2.322,1.799,3.410,2.466,2.410,-1.436,1.138,0.688,2.349,2.421,2.738,-0.342,2.198,1.763,1.617,1.488,0.136,1.142,2.689,4.688,4.699,2.656,2.295,2.379,1.577,2.203,2.325,2.918,3.036,2.946,2.541,4.043,3.493,3.462,4.634,4.579,3.551,3.984,3.585,3.110,3.594,3.170,3.549,3.139,2.871,3.397,3.580,3.143,2.788,3.193,3.540,3.089,4.115,4.278,4.240,3.858,3.150,4.147,3.628,2.685,2.897,2.900,3.676,4.534,4.614,4.230,3.893,4.070,4.499,4.311,4.298,3.862
-36.259,1.790,1.879,0.167,2.866,-36.259,2.397,1.789,0.726,0.469,2.078,-3.096,1.454,2.057,1.429,1.412,1.405,1.736,0.852,1.527,1.440,0.572,1.679,0.668,0.988,2.553,2.563,4.715,4.713,2.759,3.260,1.819,2.020,1.755,1.894,2.812,3.316,2.908,1.942,4.030,2.870,2.861,3.794,3.489,2.175,3.020,2.880,2.977,3.265,2.366,2.062,3.584,3.104,3.456,3.266,2.185,3.497,3.653,3.586,3.754,4.536,3.986,3.501,3.513,3.769,3.289,3.851,3.479,2.869,4.708,4.181,5.240,5.581,5.016,4.927,3.871,4.246,3.986,5.254,4.937
-36.259,1.011,1.189,0.831,2.153,-36.259,1.092,0.999,-1.218,1.543,2.008,-0.518,1.255,0.965,-0.022,0.576,0.260,1.490,1.156,1.628,2.396,0.942,2.499,1.635,1.656,2.040,2.553,4.425,4.337,2.361,1.882,1.286,2.808,2.306,0.727,3.386,3.474,3.800,2.935,3.473,2.580,1.432,3.266,3.428,3.213,3.624,3.212,3.261,3.300,2.813,2.716,3.208,4.371,4.286,2.868,3.202,4.007,3.503,4.051,4.103,3.817,3.875,4.223,4.391,4.185,3.518,3.896,3.115,2.663,3.657,3.944,4.326,4.862,4.903,5.087,4.350,4.576,4.580,5.288,5.523
-36.259,1.508,-0.072,1.000,2.418,-36.259,0.428,-0.412,1.689,2.441,1.153,0.866,-1.017,-0.146,1.176,1.316,2.775,2.065,1.725,2.185,1.462,-1.057,1.823,0.698,1.093,0.396,2.246,4.486,4.580,2.288,1.494,2.897,1.972,1.398,1.395,2.020,2.236,1.807,0.461,2.828,2.655,3.004,4.617,4.643,3.474,3.589,2.999,1.977,2.539,2.543,2.401,3.179,3.550,3.437,3.135,2.531,3.037,2.976,3.046,3.792,3.818,4.435,5.026,3.282,3.312,3.594,3.762,3.230,3.070,3.091,3.722,4.444,4.859,4.174,3.652,3.817,4.894,4.069,4.498,4.838
-36.259,-0.466,0.107,1.401,-3.299,-36.259,-0.169,0.398,2.170,2.786,2.303,1.050,0.988,-0.532,1.645,1.710,2.158,1.725,1.984,1.356,1.227,0.622,1.458,1.010,1.881,1.918,2.337,4.073,4.201,2.790,1.939,2.070,2.999,1.855,0.879,2.218,2.552,3.031,2.808,3.349,2.852,2.703,4.123,4.110,3.909,3.457,1.713,1.754,2.733,1.811,2.503,3.220,4.320,4.193,3.110,2.706,3.396,2.781,3.819,3.399,3.474,4.067,4.244,3.322,3.197,3.503,4.338,4.519,3.684,3.047,4.032,4.875,5.072,4.521,3.462,3.780,5.319,5.255,4.443,4.530
-36.259,0.267,0.292,0.284,-0.177,-36.259,0.605,1.001,2.283,1.783,2.554,0.649,-1.624,0.174,0.921,2.025,2.235,2.882,0.569,1.505,1.595,-0.035,1.467,1.008,1.449,2.316,2.698,4.647,4.535,2.470,2.971,2.606,2.657,1.725,1.798,2.638,2.709,2.331,1.236,3.226,3.396,2.342,3.050,2.747,2.673,2.538,2.807,1.801,2.825,1.889,2.506,2.847,3.308,3.910,3.101,2.468,4.363,4.131,3.390,3.804,3.969,3.725,3.961,4.065,4.027,3.181,3.515,3.840,3.372,3.624,4.029,3.998,3.735,4.463,5.299,4.061,4.886,4.214,4.309,3.897
-36.259,3.556,2.581,2.699,2.136,-36.259,2.510,1.399,2.053,2.915,1.552,-0.303,2.136,0.666,1.531,1.284,3.067,1.677,2.234,1.760,0.897,-2.450,2.235,2.651,2.223,3.110,1.604,3.862,3.643,0.878,3.785,2.990,2.957,2.756,2.032,1.871,3.145,2.675,2.481,2.707,2.343,2.528,3.452,3.300,2.527,2.514,3.091,1.926,3.471,1.711,2.196,2.442,3.621,3.557,2.787,2.527,4.043,3.792,2.848,3.402,4.075,3.993,3.719,3.505,3.125,2.865,4.001,4.058,3.222,2.845,3.709,4.056,4.017,4.077,4.384,4.632,4.547,4.495,4.724,4.509
-36.259,1.006,0.511,0.671,-1.057,-36.259,1.519,-0.168,-1.902,2.271,-0.210,0.435,-0.215,-0.160,1.172,0.902,2.939,2.334,-0.780,0.999,-0.801,0.632,2.132,1.539,0.964,0.647,3.364,4.196,4.166,2.398,1.753,2.992,2.507,2.273,2.480,2.029,2.996,2.414,0.989,3.884,3.282,3.031,4.221,3.621,3.320,3.657,2.488,2.466,3.417,2.147,2.800,3.663,4.196,4.237,3.651,3.373,3.481,3.586,3.244,3.358,3.956,4.084,4.243,3.533,3.661,3.960,3.995,3.723,2.633,2.885,3.492,4.112,3.905,3.922,4.020,4.703,5.191,4.987,4.352,5.100
-36.259,0.794,1.110,1.205,2.545,-36.259,1.770,0.220,2.416,2.677,2.467,1.882,-1.832,0.991,1.651,2.015,1.017,2.166,2.442,1.864,1.876,-0.185,1.534,0.445,1.937,1.726,2.051,4.263,4.588,3.105,3.159,2.921,3.064,2.719,1.848,2.237,3.029,3.083,2.179,3.060,2.154,3.077,4.278,3.554,3.344,2.827,3.843,2.925,2.708,2.321,3.111,3.372,4.190,4.027,3.508,3.738,3.898,2.884,4.223,4.270,4.339,4.296,4.286,3.394,4.005,4.040,4.010,3.217,2.637,3.433,3.076,4.296,5.055,4.542,4.349,4.143,4.723,4.417,4.583,5.069
-36.259,1.274,-0.612,0.790,2.323,-36.259,1.766,1.535,1.478,2.095,2.381,2.327,1.262,1.911,-0.167,3.315,1.871,2.318,2.185,0.358,0.514,1.241,1.960,1.180,0.477,1.572,1.806,3.965,4.028,2.390,1.461,0.623,1.668,1.229,1.178,1.895,1.144,1.976,1.564,3.272,2.790,2.793,3.717,3.410,2.720,2.677,2.622,2.198,3.263,3.027,3.166,2.582,3.813,4.046,2.875,2.983,3.017,3.327,3.527,3.156,3.949,3.716,3.383,3.586,3.683,3.858,3.286,3.014,2.999,3.133,2.786,3.833,4.116,3.800,4.016,4.030,5.498,4.706,4.587,4.620
-36.259,-0.661,0.503,-3.183,2.412,-36.259,1.136,0.674,-0.890,-1.153,2.216,1.829,-0.522,1.020,0.589,0.453,1.673,1.031,1.374,0.409,1.280,-4.205,1.092,-0.925,-0.202,-1.349,2.124,3.729,3.928,2.602,-0.557,0.970,0.539,1.565,1.677,2.711,3.464,3.025,2.571,2.249,2.730,1.841,4.192,3.611,3.799,2.774,3.427,3.007,4.321,2.708,0.951,1.906,2.954,3.126,3.277,2.818,3.677,3.398,3.673,4.090,4.043,4.128,4.013,3.893,4.303,4.108,4.128,3.966,3.041,4.001,3.840,4.368,4.103,3.995,3.663,3.906,4.646,4.704,5.272,5.055
-36.259,3.558,3.320,2.371,2.586,-36.259,2.666,1.795,2.671,-3.945,1.607,1.204,-0.496,0.355,2.016,0.175,0.753,2.267,-0.565,2.684,1.938,1.402,-0.106,1.518,2.085,2.254,1.653,3.846,3.906,2.142,2.839,1.127,0.953,1.382,1.695,1.826,2.404,2.317,2.641,3.453,2.741,2.814,3.655,3.970,2.993,3.550,2.014,1.863,3.111,3.082,1.697,3.330,4.510,4.605,3.290,3.023,3.104,3.226,3.743,3.491,4.040,3.760,4.249,3.379,3.491,3.084,3.941,3.839,3.467,3.005,3.362,4.478,4.623,4.405,3.857,4.011,4.868,5.255,4.469,5.062
-36.259,2.947,2.631,3.020,2.459,-36.259,2.011,2.004,2.488,2.198,2.108,-0.475,0.778,0.319,2.560,3.437,3.694,3.316,2.915,2.300,1.741,1.497,2.582,3.223,2.668,1.473,2.104,4.321,4.288,2.313,3.224,1.749,2.198,2.092,2.543,2.032,2.818,3.014,2.418,1.501,1.434,2.868,2.323,2.435,2.757,2.826,2.109,1.727,3.023,2.514,2.616,2.021,3.243,3.440,3.558,3.236,3.000,2.526,3.318,3.511,3.723,3.908,3.726,2.941,3.118,3.908,3.919,3.583,2.767,3.519,3.654,4.841,4.916,4.193,4.379,3.572,4.693,4.380,4.759,4.529
-36.259,2.834,-0.726,2.107,2.579,-36.259,0.833,1.186,1.683,1.781,0.002,-0.291,1.642,1.897,1.467,3.163,3.233,2.184,2.352,2.086,1.783,1.337,2.065,0.327,2.141,1.800,3.260,4.917,4.996,3.436,1.675,2.425,2.197,2.136,-0.372,1.115,2.258,0.762,1.144,2.711,2.447,2.125,3.978,3.765,2.287,3.053,3.344,2.091,2.821,2.216,1.721,2.048,3.445,3.660,2.718,2.748,3.383,2.942,2.579,3.338,3.908,3.831,4.269,3.243,3.971,3.224,3.637,3.253,2.932,3.475,3.500,3.872,4.163,4.145,4.216,3.835,5.101,4.681,5.259,5.131
-36.259,2.293,1.260,2.149,0.301,-36.259,1.684,0.101,2.526,1.757,2.450,0.852,0.158,-1.279,-0.114,2.419,2.167,2.669,0.152,1.741,0.646,-1.284,3.122,3.194,1.231,1.805,1.854,3.918,4.351,2.681,2.652,2.062,2.473,1.735,2.192,1.436,1.751,2.331,1.876,3.628,3.309,2.206,3.477,2.965,2.052,3.268,2.343,1.884,3.958,2.874,2.345,2.080,3.098,3.502,2.119,2.445,2.872,2.705,2.709,3.091,3.410,3.028,3.476,3.586,3.599,3.145,3.562,3.660,2.637,3.521,4.005,4.434,4.689,4.769,4.183,3.837,5.095,4.099,4.747,4.141
-36.259,2.834,2.589,2.361,1.613,-36.259,-0.025,1.652,1.814,0.648,1.431,1.088,-0.114,1.373,0.685,0.589,2.391,1.769,1.116,-0.357,0.332,1.181,1.817,2.182,2.282,1.507,1.689,3.906,4.137,1.836,2.738,2.218,2.243,1.132,0.497,1.347,1.814,2.143,2.171,2.158,2.352,3.298,4.201,3.858,2.810,3.733,2.439,1.554,3.674,3.146,2.318,2.722,2.918,3.498,2.945,3.049,3.437,3.679,3.124,3.192,3.807,4.002,3.312,3.870,4.066,3.167,3.433,3.825,3.181,3.534,3.388,4.050,4.207,3.926,4.960,4.369,4.352,4.889,5.990,5.582
-36.259,3.188,1.957,0.638,1.346,-36.259,1.639,1.055,0.562,0.126,2.062,-0.188,1.219,1.067,0.635,1.212,2.954,2.512,0.827,1.344,2.309,0.394,1.404,1.750,1.750,3.080,2.792,4.768,4.731,2.749,3.082,1.916,2.786,3.284,2.643,2.285,2.635,2.816,1.872,3.220,2.525,2.660,2.939,2.749,2.700,3.939,4.122,2.822,4.519,4.003,3.969,3.493,3.610,3.685,3.473,3.217,3.805,3.774,3.515,3.735,3.793,3.877,3.631,3.814,4.008,4.199,4.330,4.025,3.702,4.306,4.452,4.681,4.705,4.411,4.132,4.000,4.735,4.794,4.644,4.999
-36.259,3.073,-1.156,2.400,2.723,-36.259,0.139,1.323,0.992,1.180,-0.377,1.095,0.546,1.311,0.740,1.309,2.089,2.268,1.128,1.480,1.656,0.654,1.408,1.629,1.315,2.732,2.472,4.638,4.802,3.329,2.608,2.029,2.282,2.274,2.189,2.082,3.027,2.614,1.228,3.393,3.046,2.300,3.321,3.890,3.222,4.100,3.161,2.280,3.150,2.341,2.341,2.985,4.159,4.060,3.279,3.058,3.241,3.411,3.828,3.511,3.756,3.764,3.970,3.506,2.449,3.294,4.949,4.858,2.991,3.228,3.920,4.124,3.833,3.881,3.802,3.634,4.243,3.673,4.894,4.690
-36.259,1.216,2.709,-0.286,1.897,-36.259,0.200,0.920,0.774,1.644,0.984,-1.018,1.937,-0.961,-0.945,2.086,1.750,2.402,2.109,1.703,1.675,-1.104,1.114,2.846,2.274,2.048,2.315,3.979,4.239,2.956,1.716,3.460,2.652,1.184,1.045,3.914,4.111,3.500,2.731,3.723,3.289,2.677,4.599,3.994,2.859,3.313,3.387,2.780,3.801,3.079,2.962,3.465,3.861,3.953,3.008,2.511,4.065,3.321,3.189,3.456,4.375,4.175,4.518,3.540,3.909,3.801,3.387,3.413,2.845,3.374,3.831,4.343,4.482,4.439,3.679,3.404,4.436,4.058,3.647,3.817
-36.259,1.046,-1.969,1.098,2.900,-36.259,1.392,-0.563,1.122,0.011,2.250,1.946,0.011,1.029,2.462,1.153,3.127,3.157,0.935,3.112,1.307,-0.184,2.564,1.677,2.170,2.177,3.199,4.654,4.641,2.734,1.469,2.093,1.806,1.446,2.843,2.979,3.900,3.388,3.154,3.385,2.110,1.971,4.016,3.465,2.179,2.704,2.970,2.721,3.152,3.397,2.765,1.688,3.278,3.685,2.733,2.951,3.641,3.309,3.514,3.731,4.445,3.858,4.017,3.349,3.412,3.388,3.870,3.849,3.453,2.939,3.730,4.311,4.416,3.955,3.723,3.743,4.242,3.809,3.751,3.676
-36.259,2.315,1.269,2.120,2.408,-36.259,-1.155,-0.546,2.469,1.592,1.704,1.562,-2.687,1.659,2.512,1.985,2.992,0.420,0.927,2.384,1.155,-0.366,1.810,1.932,1.528,1.360,2.877,4.484,4.503,2.569,1.989,1.784,2.743,1.536,1.394,2.813,3.257,2.888,2.226,2.983,2.575,3.446,4.454,4.126,2.968,2.477,3.017,3.001,4.082,3.444,2.235,3.690,4.611,5.010,4.186,3.564,3.432,4.038,3.659,3.658,4.914,4.310,4.154,3.836,4.272,3.479,4.217,4.040,3.154,3.467,3.581,4.932,5.255,3.652,3.449,4.053,4.086,4.304,4.365,4.677
-36.259,1.130,2.187,-0.163,2.022,-36.259,1.025,0.053,1.339,3.403,-1.185,1.624,0.999,1.159,2.389,2.967,3.445,3.080,0.611,2.111,1.514,0.125,2.143,2.922,0.123,1.694,1.871,4.372,4.364,2.052,2.732,2.128,2.818,1.753,1.794,2.145,2.580,2.427,2.701,3.211,1.981,2.055,3.449,2.735,3.011,2.518,2.699,2.886,2.716,2.841,3.642,3.303,3.187,3.502,3.492,3.058,4.075,4.023,3.637,4.371,4.800,4.589,4.316,3.139,3.931,4.067,3.573,3.391,3.427,3.248,3.988,4.917,4.987,4.724,4.007,3.783,4.918,4.290,5.005,4.629
-36.259,3.700,3.385,2.299,1.653,-36.259,1.576,1.478,1.983,0.440,0.863,0.331,0.790,-0.138,1.594,1.649,3.357,0.915,1.865,1.346,1.738,0.616,1.594,2.053,2.071,1.185,2.262,4.566,4.643,2.529,1.675,1.660,1.785,1.840,0.960,3.152,3.875,3.041,1.850,2.514,2.320,2.576,4.323,3.619,1.924,3.575,3.688,2.660,3.790,1.812,2.968,3.423,3.394,3.588,3.753,3.685,3.670,3.422,2.289,2.805,3.976,4.061,3.216,3.625,3.755,3.824,3.667,3.607,3.244,3.753,3.965,4.311,4.666,4.139,3.931,4.258,4.965,4.472,3.773,4.504
-36.259,1.242,2.326,-0.140,1.564,-36.259,1.172,1.273,0.007,2.191,1.678,0.181,1.070,1.411,0.170,1.955,3.218,2.592,1.375,1.735,1.545,0.510,2.684,2.893,1.410,2.151,2.623,4.563,4.506,2.819,2.436,2.633,2.731,1.136,1.175,1.842,2.738,2.163,0.990,2.621,2.426,3.134,3.331,3.501,3.467,2.889,3.605,2.586,3.649,3.352,2.979,3.102,3.380,3.457,3.109,2.574,3.454,3.944,3.713,3.354,3.950,4.151,4.315,4.339,3.151,4.094,3.590,4.001,3.651,3.475,3.361,4.175,4.316,3.677,4.457,3.520,4.760,4.255,5.639,4.625
-36.259,2.344,1.337,-0.234,1.726,-36.259,-2.251,0.756,1.057,-1.069,1.099,-0.125,0.867,2.093,-0.613,0.980,1.661,-0.175,-0.319,-0.326,0.962,0.949,2.317,1.092,1.663,1.706,2.608,4.467,4.460,2.454,1.334,2.313,1.722,1.979,1.235,2.683,3.439,3.240,1.342,2.259,2.215,2.248,3.320,2.959,3.462,2.777,3.088,2.832,3.290,2.505,1.983,3.039,3.818,3.939,2.846,2.678,3.343,3.999,3.857,4.040,4.931,4.613,4.021,3.774,3.632,2.995,3.136,2.978,2.342,3.719,3.984,5.007,5.058,4.123,3.732,3.301,5.046,4.393,5.214,4.756
-36.259,-0.619,1.469,0.852,1.656,-36.259,2.034,1.455,2.123,-1.077,-0.792,1.409,-0.172,-1.314,2.074,1.298,0.793,2.658,2.278,1.581,0.200,-0.549,2.871,3.521,3.213,2.485,3.172,5.108,5.115,3.510,1.990,3.053,2.362,2.028,0.215,2.234,2.285,2.751,1.175,3.312,2.609,2.358,4.375,3.454,1.780,2.068,3.198,2.749,3.901,2.921,2.454,3.610,4.772,5.007,4.291,3.502,3.181,2.590,3.655,3.828,4.213,3.657,4.186,3.540,4.008,3.421,4.387,3.774,2.874,3.107,3.667,4.072,3.970,4.057,4.397,4.092,4.658,4.534,4.944,4.117
-36.259,2.352,2.386,0.524,1.496,-36.259,-1.335,1.479,0.534,1.482,0.519,2.270,0.186,1.187,0.087,1.346,0.976,1.261,3.086,1.091,0.735,1.379,0.776,1.391,0.523,0.038,2.218,3.976,4.277,2.405,1.694,2.536,2.387,1.545,2.051,2.915,2.621,2.249,1.506,2.940,1.904,2.983,4.903,4.194,2.719,3.135,2.654,3.042,4.347,3.167,3.137,3.632,4.423,4.139,3.654,3.424,3.729,3.735,4.407,4.033,4.568,4.345,4.412,3.704,4.157,3.967,3.109,3.548,2.923,3.367,2.759,4.258,4.417,3.638,3.572,3.463,3.686,3.716,4.834,4.453
-36.259,1.471,2.758,1.450,0.450,-36.259,0.836,2.065,2.423,1.064,2.164,1.776,0.451,0.662,1.233,2.345,2.169,1.605,1.841,1.105,1.502,-0.269,1.297,1.025,-1.194,1.496,1.959,4.123,4.112,2.181,2.721,1.770,0.857,1.490,2.876,3.078,3.326,2.158,1.973,3.397,2.535,2.917,4.907,3.858,2.970,3.587,2.540,1.871,2.989,3.065,2.024,1.888,3.135,3.628,3.420,3.370,3.456,3.461,3.697,3.946,4.465,4.327,4.119,3.266,3.719,3.472,4.141,3.567,3.117,3.287,3.392,4.446,4.452,3.517,3.697,3.815,3.959,4.109,4.890,4.471
-36.259,-3.191,0.421,0.652,1.827,-36.259,1.532,0.984,1.645,1.174,0.933,1.132,1.431,0.440,1.169,2.571,1.846,2.586,0.136,1.458,0.823,0.809,2.683,2.504,1.433,0.932,2.077,3.649,3.830,2.185,0.970,2.513,3.054,1.478,1.288,2.627,3.580,2.809,0.699,2.989,2.398,2.509,3.770,3.283,2.553,2.632,2.273,2.964,3.191,2.681,2.409,2.947,3.212,3.336,3.404,2.801,2.595,3.200,3.434,3.140,5.177,4.301,3.694,3.387,2.838,3.692,4.499,4.214,3.258,4.157,3.674,3.756,4.299,3.882,4.459,4.037,4.522,4.374,4.815,4.440
-36.259,0.672,1.305,-0.539,1.796,-36.259,-0.475,1.715,2.153,3.398,2.684,1.316,0.730,1.899,0.179,2.151,3.071,2.305,2.435,1.650,0.952,-1.256,2.924,3.006,1.503,2.744,2.165,4.475,4.422,2.130,2.948,2.000,2.929,1.920,1.017,0.700,2.013,2.387,1.687,3.206,3.266,3.075,3.837,2.807,3.732,2.752,2.409,2.754,2.328,2.089,2.530,2.757,4.121,4.308,3.273,3.325,4.430,4.105,3.081,3.142,2.537,2.605,3.111,3.226,3.062,3.418,4.263,4.034,2.714,3.398,4.323,5.048,5.292,4.820,4.218,4.278,4.919,4.723,5.345,4.689
-36.259,1.630,0.172,0.874,0.642,-36.259,-0.290,0.221,0.323,2.580,0.423,1.187,0.567,1.621,0.932,2.166,2.473,-0.678,1.449,1.569,0.492,0.182,1.764,1.498,0.837,1.737,2.398,3.909,3.856,2.756,2.794,2.398,3.711,2.945,1.446,2.232,2.527,2.211,2.828,3.615,3.055,2.890,3.893,3.751,3.296,3.563,3.170,1.648,3.380,2.830,3.235,3.743,3.886,3.828,3.467,2.951,3.029,2.948,3.376,3.369,3.968,4.018,4.387,3.903,3.941,3.643,4.047,3.768,2.731,3.424,3.933,4.657,4.619,4.351,4.589,4.013,3.509,3.904,4.745,4.486
-36.259,1.840,-0.218,-1.500,2.492,-36.259,1.058,0.768,0.009,1.488,1.369,0.872,-0.408,0.864,-0.843,2.359,0.230,2.190,2.903,1.955,2.043,1.778,2.129,1.467,2.598,2.436,2.368,4.387,4.405,2.392,2.264,3.119,2.854,2.888,2.184,2.005,0.936,0.111,2.149,4.097,3.350,2.445,3.661,4.012,2.542,3.172,3.444,1.799,2.977,2.186,1.990,2.716,3.294,3.868,4.062,3.644,4.134,4.218,3.794,3.653,4.836,4.704,4.472,4.684,4.196,3.175,3.491,3.134,2.877,3.261,3.516,3.981,4.406,4.542,4.785,4.326,4.592,4.981,4.435,4.682
-36.259,-0.704,0.239,0.364,0.987,-36.259,1.453,-0.056,-0.165,3.032,1.081,0.597,1.444,-0.631,-0.121,2.591,2.669,2.620,0.559,1.626,2.316,1.004,2.979,3.159,2.042,1.782,3.017,4.824,4.725,3.239,2.465,1.924,3.023,1.951,1.868,2.305,2.798,2.548,2.618,2.750,3.269,2.216,2.997,3.339,3.348,3.450,3.160,2.802,2.899,2.065,2.608,2.755,4.173,4.192,3.534,3.619,3.925,3.486,3.397,3.892,4.437,4.086,4.012,3.797,3.716,4.078,4.402,4.079,2.817,3.046,2.903,4.238,4.407,4.317,3.959,3.333,5.241,4.316,3.635,4.629
-36.259,1.447,-0.635,1.662,1.003,-36.259,-0.044,0.599,0.919,1.890,2.385,1.821,-0.776,0.492,2.094,0.326,2.236,2.154,1.520,0.736,0.073,0.860,0.993,1.561,0.983,1.711,2.154,4.752,4.763,2.800,1.819,1.917,2.316,0.908,-0.101,2.857,3.496,2.804,2.301,3.623,3.252,3.391,3.276,4.076,3.685,3.985,2.961,2.470,3.664,2.740,2.402,2.874,4.517,4.494,3.506,3.204,3.132,3.015,2.774,3.214,3.487,4.073,3.796,3.467,3.371,3.721,3.606,3.153,2.311,2.816,4.076,4.792,4.835,3.942,3.674,3.837,5.046,4.932,4.904,4.849
-36.259,1.918,1.664,1.862,1.575,-36.259,2.293,0.282,1.342,1.982,3.414,2.415,1.569,0.909,0.966,2.075,0.822,1.366,2.288,1.978,2.195,1.950,3.225,1.653,1.752,2.592,2.763,4.561,4.572,2.529,1.667,1.620,2.520,0.899,1.422,2.519,2.168,1.792,1.843,2.606,2.990,2.286,3.784,3.207,1.709,2.489,1.751,2.486,3.140,3.243,1.506,1.688,3.518,3.822,2.488,2.611,3.043,3.789,3.559,3.512,5.232,4.632,3.547,3.859,3.755,3.511,3.519,2.991,2.906,3.455,3.448,4.026,4.047,3.969,4.129,3.831,5.086,4.606,4.528,5.088
-36.259,2.589,1.108,-0.064,2.218,-36.259,1.965,-0.251,1.435,1.084,1.938,1.812,1.307,1.057,1.975,0.792,1.327,1.871,1.224,1.882,0.813,1.381,2.035,1.312,1.461,2.612,2.894,4.724,4.800,2.887,2.010,1.601,2.047,0.793,1.307,2.419,3.384,3.051,1.548,3.620,2.943,2.909,4.011,3.486,3.072,3.478,3.373,2.463,1.683,2.102,2.590,3.384,4.243,4.392,3.851,3.394,4.092,4.141,2.960,3.728,4.932,4.959,3.902,3.704,4.056,4.164,4.514,3.737,3.094,3.278,3.304,3.919,3.955,3.620,3.669,3.650,4.777,4.358,4.366,4.547
-36.259,1.379,1.068,1.569,-1.951,-36.259,2.224,-2.306,0.271,0.698,0.736,0.445,0.148,0.553,-0.827,0.080,-0.429,0.380,0.294,1.798,1.498,0.014,1.598,1.835,-0.811,-0.909,1.859,4.472,4.435,2.131,0.203,1.753,1.730,1.742,0.918,2.642,3.151,2.959,1.208,3.205,2.806,3.216,4.334,3.697,2.854,3.316,1.687,2.211,2.745,2.210,3.335,3.501,4.651,5.009,3.889,3.848,3.764,3.400,3.662,3.484,4.051,3.947,3.880,4.414,4.642,4.486,4.948,4.183,3.019,4.137,3.501,3.794,4.177,4.682,4.619,3.998,4.793,4.467,4.738,5.258
-36.259,2.295,2.445,0.142,3.083,-36.259,0.429,1.661,1.428,2.680,0.640,1.212,0.624,1.463,0.734,2.658,1.800,3.001,2.832,0.900,1.759,1.312,2.500,3.082,1.605,1.720,2.212,4.770,4.784,2.864,2.772,3.396,2.257,1.146,0.388,1.391,2.339,2.004,1.263,2.988,2.761,2.739,4.363,4.458,2.856,4.089,3.796,3.160,3.201,2.525,2.491,3.351,3.392,3.429,3.058,2.870,4.165,3.581,3.096,3.701,3.754,4.173,3.973,4.122,3.993,3.499,3.100,3.614,2.798,3.450,4.109,4.908,4.932,4.155,3.571,3.604,4.948,4.291,4.521,4.444
-36.259,1.954,3.132,1.417,0.310,-36.259,1.419,1.867,0.233,2.959,2.082,1.802,1.218,1.350,0.225,1.262,1.422,1.070,1.990,1.298,1.277,0.306,2.117,1.271,2.150,1.829,2.023,4.495,4.604,2.470,3.066,1.787,2.112,2.158,1.833,2.622,3.047,2.901,1.919,2.835,1.485,2.328,3.432,3.787,3.796,2.551,3.233,2.955,3.441,2.222,3.003,2.921,4.040,4.083,3.758,3.624,3.453,3.651,4.336,4.380,4.496,4.485,4.458,4.242,4.234,4.274,3.876,3.527,2.923,3.526,3.885,4.450,4.604,4.337,3.567,3.517,4.230,3.963,4.575,4.545
-36.259,1.618,0.925,-0.016,1.323,-36.259,1.448,2.077,2.497,2.859,2.679,1.483,-0.649,-0.346,0.972,0.795,1.240,1.380,1.123,1.557,0.728,-1.052,2.339,2.070,1.692,2.895,1.579,3.960,4.158,2.278,3.070,2.557,2.185,1.384,0.646,2.236,3.136,2.348,2.072,3.456,2.294,3.012,4.173,3.336,3.718,3.186,3.272,2.729,3.047,2.123,2.265,2.775,2.996,3.527,3.371,3.529,4.125,3.304,3.994,4.319,4.951,5.225,4.038,3.677,3.877,3.602,3.796,3.162,2.557,4.392,3.757,4.779,4.680,4.244,5.052,3.990,4.407,4.148,4.170,3.853
-36.259,2.413,2.523,0.608,2.311,-36.259,1.231,1.204,1.170,0.549,2.288,2.144,0.716,0.937,-2.617,2.343,2.355,2.226,1.589,0.886,1.585,1.978,2.354,2.128,1.723,1.830,2.631,4.371,4.048,1.707,2.311,1.630,1.315,1.728,1.745,1.800,2.852,2.819,2.454,2.653,2.838,2.905,4.083,3.484,3.086,3.283,2.299,3.016,3.103,2.109,1.670,2.515,3.490,3.423,2.994,2.333,3.461,3.766,3.441,3.604,4.762,4.050,3.862,3.930,3.667,3.804,3.543,3.731,2.878,3.592,4.092,4.464,4.825,4.549,3.832,3.686,5.114,4.231,4.901,4.550
-36.259,-0.387,2.565,0.661,-0.884,-36.259,0.516,0.662,0.029,2.265,-0.729,1.541,-0.070,-1.657,1.293,1.585,1.214,2.295,1.336,1.684,1.530,-0.037,1.283,1.962,1.183,1.896,0.886,4.189,4.100,1.278,1.553,1.574,0.363,0.742,0.768,3.512,4.286,3.526,2.103,2.736,2.675,2.144,3.871,3.019,1.966,2.627,2.547,2.580,3.745,2.626,2.021,2.539,4.601,4.696,2.805,1.883,3.430,3.673,3.285,3.286,4.748,3.639,3.584,3.423,3.233,3.498,4.673,3.876,2.399,3.156,2.962,3.628,3.683,3.949,5.024,3.543,4.830,5.023,5.282,4.824
-36.259,3.906,3.311,2.628,-0.160,-36.259,2.446,1.751,2.274,3.257,2.476,1.850,-0.759,-0.403,0.306,1.446,0.594,1.782,2.117,0.849,1.590,1.215,2.432,2.282,2.116,1.377,2.650,4.522,4.235,1.958,1.159,1.376,1.710,1.920,0.471,2.021,1.882,2.059,1.226,2.823,2.359,3.115,3.962,3.313,3.066,3.128,2.968,2.145,3.024,1.950,1.642,2.266,4.345,4.635,3.392,2.496,3.854,3.925,3.553,3.447,4.712,4.095,4.311,3.621,3.717,3.057,4.228,3.661,2.700,3.543,3.534,4.099,4.414,3.687,4.186,3.814,4.222,3.947,4.326,4.508
-36.259,2.827,2.796,1.372,2.045,-36.259,1.894,0.508,1.442,2.592,0.631,1.341,0.984,0.891,0.115,2.340,2.062,3.005,1.940,1.801,0.673,0.511,1.495,2.444,0.996,0.950,2.623,4.521,4.855,3.609,2.079,2.589,1.763,1.867,1.354,1.605,1.213,0.934,1.507,4.113,3.401,2.628,3.885,3.658,2.191,3.559,3.188,1.814,2.709,1.394,2.324,2.835,4.452,4.498,2.754,1.886,3.407,3.513,3.132,3.837,4.677,4.678,3.726,3.675,3.189,3.334,4.126,3.539,2.456,2.572,3.955,4.007,4.026,4.037,3.674,3.588,5.012,4.035,4.023,4.220
-36.259,1.464,-1.702,0.887,1.709,-36.259,0.422,-1.065,-0.946,-0.531,-4.348,-0.211,1.005,0.698,0.226,1.473,1.558,2.321,2.320,1.544,1.476,2.323,2.556,2.032,1.380,2.293,1.578,4.525,4.614,2.299,1.727,1.417,1.611,1.642,1.756,1.950,2.529,2.741,2.807,2.389,2.374,2.071,3.877,3.883,3.018,3.556,3.017,2.330,3.272,2.899,2.421,2.823,3.743,3.921,3.231,3.524,4.653,4.123,4.030,3.312,3.445,3.894,4.187,4.619,4.617,3.830,4.258,3.954,2.622,3.566,3.958,5.009,5.178,4.516,3.752,3.802,4.548,4.294,4.791,5.022
-36.259,-0.188,-2.350,-0.951,1.430,-36.259,1.464,-0.145,2.396,2.247,2.751,-0.403,0.708,-0.082,1.705,0.906,1.832,0.844,1.737,0.717,-0.011,1.853,3.631,3.803,3.014,2.415,2.573,4.494,4.259,2.363,2.889,2.230,1.348,1.639,1.370,2.551,2.795,2.252,1.491,2.931,2.310,3.313,4.863,4.740,3.240,3.253,2.674,2.088,3.171,2.463,2.030,2.132,3.550,4.022,3.498,3.226,3.166,3.036,3.178,3.566,4.423,3.554,3.169,3.915,3.735,3.568,3.738,3.436,2.413,3.144,3.992,5.448,5.705,4.596,4.154,3.676,5.195,4.912,4.936,4.896
-36.259,2.404,1.016,1.428,-2.553,-36.259,-0.539,1.616,1.616,1.557,0.560,0.146,-1.493,-0.791,2.246,2.280,2.281,1.566,1.705,0.841,0.140,0.643,1.925,2.338,1.690,1.179,2.825,4.311,4.353,2.984,1.831,2.180,0.901,0.535,0.941,3.042,3.473,2.729,1.372,3.050,1.340,1.410,3.988,3.907,2.445,2.495,2.446,3.115,2.983,2.314,2.214,2.736,4.415,4.584,3.554,3.548,4.465,4.213,3.314,3.656,4.663,4.255,4.150,4.402,4.086,3.236,3.309,2.848,1.861,3.403,4.077,5.224,5.290,4.049,3.668,3.287,5.127,4.652,4.938,5.148
-36.259,2.543,2.845,1.106,1.333,-36.259,1.708,1.662,1.174,-2.369,1.200,0.165,-1.018,1.576,-0.605,2.446,2.384,2.557,0.618,0.677,-0.807,0.292,0.905,1.508,1.109,0.337,2.772,4.462,4.565,2.822,2.580,2.507,2.520,1.476,0.584,3.059,4.035,3.594,1.518,2.930,3.275,2.886,4.225,3.702,3.813,2.461,3.476,2.301,3.303,3.055,1.946,2.329,3.029,3.030,3.181,3.072,3.782,3.436,3.647,3.593,4.169,3.774,4.516,4.162,4.253,3.640,3.510,3.128,3.145,3.832,3.683,4.132,4.419,4.326,4.497,4.068,5.073,4.482,5.451,4.840
-36.259,1.892,0.401,-1.766,0.829,-36.259,0.994,-0.083,0.012,1.682,2.854,1.535,-1.743,0.470,1.441,3.005,1.658,2.918,2.080,2.491,2.454,-0.787,2.047,0.299,1.373,2.070,2.356,3.932,3.960,2.325,3.182,2.139,1.512,1.392,0.861,2.012,2.440,2.164,1.821,2.329,1.956,1.506,3.751,3.115,2.628,2.929,1.585,2.465,3.243,2.513,1.330,2.283,3.506,3.867,2.880,3.040,3.708,4.195,4.158,4.109,4.548,4.292,5.141,4.163,3.808,3.374,3.232,3.164,2.072,3.307,3.923,5.350,5.215,4.222,3.722,3.735,4.677,4.671,4.345,4.936
-36.259,2.129,-0.988,1.058,1.264,-36.259,1.443,-0.651,1.381,1.172,1.331,-0.310,0.254,0.850,-0.501,1.422,1.849,1.834,1.395,0.607,1.322,0.316,0.475,1.010,1.276,2.421,1.041,3.621,4.063,2.581,1.929,0.762,1.898,1.489,1.651,3.461,3.405,3.626,2.337,2.767,1.874,2.654,4.166,3.867,2.565,3.477,2.675,2.981,3.731,3.006,2.040,3.133,4.445,4.144,2.957,2.024,3.598,3.395,3.034,2.743,3.406,4.190,4.829,4.176,3.576,3.709,3.531,3.143,3.184,3.156,3.596,4.543,4.789,4.122,4.789,4.451,4.829,4.429,5.167,4.513
-36.259,2.607,2.158,1.492,-1.180,-36.259,0.907,0.813,-0.912,2.011,2.011,-0.092,1.184,-3.584,0.924,1.666,1.666,2.767,-0.366,1.666,1.491,0.121,2.549,2.269,1.924,1.390,1.678,4.544,4.656,2.699,1.392,1.849,2.608,1.583,1.849,1.589,2.507,1.589,0.949,2.866,2.783,2.536,4.487,4.235,2.691,3.058,1.920,0.852,1.852,1.503,3.018,3.387,4.645,5.016,3.835,3.046,3.046,3.684,3.780,3.928,4.576,4.906,4.521,4.194,4.110,4.278,4.431,3.918,3.203,3.613,3.506,4.085,4.206,3.515,4.145,3.863,4.873,4.660,4.157,3.995
-36.259,2.756,2.371,0.200,2.301,-36.259,2.168,0.492,1.574,1.920,1.082,0.621,1.471,0.635,1.745,2.208,1.755,1.898,1.599,1.852,1.434,0.835,0.287,0.940,0.570,1.632,2.271,4.330,4.476,2.602,2.058,1.864,2.328,1.696,1.825,1.688,2.476,1.221,0.935,3.054,2.715,3.084,4.105,3.796,2.650,3.085,2.558,2.356,3.463,2.744,1.752,1.812,3.685,3.952,3.564,2.889,3.864,4.050,3.150,3.608,4.033,3.572,4.080,4.154,3.813,3.496,3.725,3.405,2.901,3.312,3.691,4.990,5.034,4.243,3.919,3.780,3.868,3.898,4.267,5.115
-36.259,3.358,1.161,1.265,0.675,-36.259,1.112,-0.956,2.294,-0.855,2.100,2.074,1.428,-0.222,0.667,1.422,1.580,2.584,2.606,1.526,0.507,2.184,2.830,3.134,1.683,1.031,1.752,4.238,4.389,3.191,2.679,2.201,2.220,2.670,1.474,1.701,1.741,2.507,2.265,3.069,2.616,2.766,4.384,4.376,3.267,3.081,3.441,2.772,3.089,2.894,3.542,4.243,5.017,5.065,4.259,3.681,4.166,3.750,3.247,3.079,3.674,3.753,3.472,4.013,4.178,4.277,4.716,4.449,3.683,3.625,3.854,4.531,4.356,4.153,3.846,4.001,4.756,4.898,4.992,4.931
-36.259,0.950,1.864,-1.583,0.480,-36.259,1.412,0.945,2.720,2.148,2.937,2.160,-0.974,1.079,1.301,1.722,0.983,2.206,1.648,2.090,1.440,1.584,1.924,1.963,2.096,1.523,2.883,4.620,4.614,2.790,1.785,1.986,1.748,2.282,1.026,2.613,2.689,1.882,2.675,4.003,3.302,3.274,3.734,3.143,3.399,4.112,4.136,2.328,2.852,2.894,2.621,2.782,3.593,3.885,2.958,2.775,3.484,3.702,3.932,3.804,3.953,4.062,4.580,4.514,4.012,3.256,3.928,3.731,3.402,3.276,3.383,3.957,4.549,4.161,4.277,4.705,5.092,4.242,4.820,4.854
-36.259,1.086,1.822,0.318,1.958,-36.259,0.906,-2.539,2.140,1.354,1.808,2.228,2.248,-0.196,-0.272,2.578,2.029,1.660,2.108,0.908,2.320,2.265,3.435,3.656,3.258,2.536,2.554,4.302,4.301,2.624,2.963,3.078,2.386,2.413,1.289,2.057,2.531,2.488,1.723,2.303,2.556,3.169,4.507,3.932,3.022,2.803,3.099,2.347,2.565,2.545,2.500,3.245,3.632,4.043,3.410,3.081,3.724,3.664,3.671,4.339,3.561,3.821,4.774,3.752,3.659,3.647,3.608,3.594,3.608,3.052,3.474,4.849,5.397,4.025,3.117,3.504,4.246,4.864,4.156,4.697
-36.259,2.056,-0.405,-0.048,0.152,-36.259,1.749,-0.944,1.591,-0.557,-1.097,0.772,1.067,-0.725,-4.173,0.928,2.051,1.908,0.899,0.464,1.261,0.798,2.712,3.057,2.455,2.226,3.138,4.548,4.357,2.659,2.263,1.881,1.228,0.045,1.541,1.951,2.135,2.650,1.122,3.394,3.047,2.844,3.222,3.244,3.336,3.831,2.639,1.912,1.894,1.737,2.279,3.730,4.646,4.772,3.889,2.936,2.883,2.656,3.254,3.719,3.743,4.219,4.398,3.409,3.445,4.045,4.820,3.998,2.012,2.629,3.881,4.107,3.699,4.022,3.455,4.606,5.844,5.036,3.855,5.192
-36.259,1.714,1.176,1.135,-2.244,-36.259,1.257,1.003,1.641,-0.514,-0.905,-0.100,-0.032,-2.069,1.796,1.339,1.057,0.718,-2.018,-0.874,-0.035,-1.600,2.116,2.140,1.106,1.707,3.365,4.705,4.819,3.332,1.960,2.283,3.229,1.475,1.180,1.748,2.510,2.676,0.765,2.443,2.941,2.647,3.665,3.118,2.987,3.844,3.151,2.609,2.845,2.292,2.081,2.736,4.303,4.588,3.317,2.764,2.605,2.613,2.790,2.659,3.847,4.226,3.175,3.279,3.518,3.374,3.421,3.461,2.871,3.210,4.820,5.291,5.505,5.320,4.149,4.150,5.476,5.254,4.498,5.042
-36.259,1.229,2.258,0.597,1.745,-36.259,0.251,1.242,1.745,0.920,2.577,1.620,0.839,-0.250,-0.019,2.316,2.329,1.930,2.400,1.149,0.826,0.071,1.625,2.463,1.317,2.666,2.424,4.478,4.330,1.952,1.656,2.497,3.295,2.189,1.670,3.516,3.813,3.280,2.312,3.351,3.238,2.474,3.578,3.198,2.611,2.949,2.714,3.554,3.468,1.688,3.759,4.045,4.637,4.670,3.983,3.562,4.016,3.334,3.243,3.817,3.493,3.702,3.737,3.658,3.819,4.579,4.231,4.221,3.746,3.890,4.017,4.773,5.057,4.085,3.963,3.564,4.647,4.326,4.564,4.806
-36.259,0.971,0.052,1.378,-0.332,-36.259,0.949,0.591,0.271,2.156,1.539,1.427,-1.635,-1.203,0.594,1.674,1.760,1.465,-1.192,0.269,0.586,0.710,2.559,2.461,1.413,1.659,1.682,4.493,4.340,1.719,2.461,2.050,2.591,2.549,0.712,3.299,3.587,3.245,1.992,3.503,3.044,2.675,4.334,3.734,3.222,3.366,3.072,2.997,2.999,2.200,2.621,1.943,3.072,3.200,2.717,2.712,3.252,3.324,2.867,2.637,4.094,2.881,3.383,3.682,3.890,3.479,3.139,3.264,3.187,3.251,4.144,4.240,3.983,4.361,4.668,3.853,4.389,3.679,4.276,4.648
-36.259,2.540,1.243,0.422,0.417,-36.259,0.098,1.826,1.718,0.055,2.128,1.932,1.638,1.916,-0.208,2.489,2.016,2.569,3.080,2.597,2.152,1.549,1.631,2.113,1.372,2.160,1.410,4.139,4.153,1.822,2.349,2.352,2.004,1.633,1.847,1.857,2.525,1.617,0.994,4.230,3.229,3.741,4.449,4.043,3.911,3.991,3.837,2.065,3.078,3.015,2.047,2.124,3.523,3.405,2.571,2.493,2.211,2.497,2.685,3.104,4.607,4.178,3.566,3.707,3.662,4.122,3.483,3.497,2.821,3.332,3.595,4.552,4.881,4.687,4.722,3.907,4.765,4.940,5.106,4.485
-36.259,3.270,1.959,2.464,0.798,-36.259,1.111,0.354,1.673,-0.614,1.806,0.027,1.758,1.178,0.950,3.024,2.217,2.662,2.548,1.857,1.725,-0.730,2.067,3.007,2.408,0.994,2.017,4.143,4.182,2.529,1.856,2.309,1.239,2.390,1.877,1.192,2.600,2.513,2.522,2.858,1.609,3.114,4.679,4.637,3.070,2.931,2.834,2.447,2.655,2.680,3.097,3.088,3.891,4.220,2.412,2.412,2.868,2.675,3.612,4.011,4.494,4.058,3.864,3.709,3.033,3.765,4.264,3.820,3.315,2.812,3.566,4.615,4.521,4.071,4.274,4.119,5.525,4.815,4.567,4.667
